10
12
16
18
20
21
22
30
31
34
35
36
37
38
39
47
48
50
51
60
71
81
87
90
95
102
103
104
107
111
115
117
118
120
128
132
134
142
148
157
158
178
183
191
203
204
207
208
210
211
214
215
216
224
226
231
262
271
274
275
287
288
291
308
310
316
321
324
328
331
348
351
353
378
388
396
410
411
412
427
435
440
444
466
471
472
473
477
478
481
488
491
493
498
501
514
526
527
535
546
547
549
550
558
567
581
583
585
586
593
594
595
596
599
607
613
617
636
642
644
648
649
655
657
658
667
669
673
677
686
706
720
726
738
755
760
767
781
785
788
805
811
814
815
816
817
818
835
836
842
847
867
868
871
873
874
889
894
950
960
975
988
996
998
1000
1002
1009
1012
1019
1022
1027
1073
1105
1106
1107
1114
1121
1123
1128
1130
1147
1152
1174
1175
1176
1181
1183
1185
1186
1203
1207
1213
1268
1272
1293
1312
1316
1317
1327
1337
1340
1347
1349
1352
1355
1363
1376
1379
1385
1387
1428
1435
1453
1454
1456
1476
1491
1496
1497
1499
1501
1503
1508
1509
1535
1537
1540
1558
1565
1595
1601
1605
1612
1615
1629
1632
1633
1635
1639
1650
1654
1655
1657
1662
1665
1678
1687
1716
1717
1718
1719
1723
1727
1728
1729
1730
1734
1737
1738
1739
1741
1742
1756
1757
1758
1759
1777
1778
1786
1788
1797
1798
1804
1806
1808
1809
1821
1822
1837
1839
1840
1845
1848
1855
1856
1857
1859
1861
1889
1892
1901
1911
1912
1936
1937
1938
1946
1956
1958
1962
1967
1968
1977
1981
2002
2009
2010
2013
2018
2023
2029
2033
2034
2036
2043
2045
2051
2052
2053
2055
2067
2071
2072
2073
2074
2108
2109
2110
2119
2120
2121
2131
2134
2137
2138
2152
2166
2173
2176
2180
2182
2184
2185
2189
2192
2193
2194
2195
2202
2218
2222
2235
2245
2259
2260
2261
2263
2271
2290
2308
2326
2330
2332
2346
2353
2356
2395
2475
2495
2512
2517
2521
2530
2542
2547
2548
2550
2554
2561
2562
2566
2571
2572
2580
2581
2582
2584
2592
2596
2597
2617
2619
2621
2628
2629
2632
2639
2653
2661
2664
2670
2673
2674
2677
2690
2697
2706
2710
2717
2720
2729
2730
2731
2733
2736
2737
2739
2743
2744
2746
2747
2752
2760
2767
2773
2774
2775
2776
2778
2783
2794
2799
2802
2804
2805
2819
2820
2821
2823
2861
2873
2875
2876
2879
2889
2890
2892
2895
2896
2904
2905
2908
2913
2915
2932
2936
2937
2944
2947
2950
2954
2956
2960
2965
2976
2982
2992
2997
3000
3028
3030
3033
3035
3052
3054
3064
3069
3073
3077
3082
3084
3091
3092
3094
3096
3097
3098
3107
3115
3141
3145
3155
3156
3158
3159
3162
3163
3176
3177
3178
3181
3187
3189
3192
3251
3257
3265
3290
3295
3298
3300
3305
3309
3312
3313
3320
3326
3329
3340
3376
3416
3417
3418
3420
3423
3454
3460
3475
3476
3482
3488
3491
3516
3551
3611
3613
3615
3631
3636
3638
3643
3646
3654
3659
3660
3667
3685
3693
3703
3704
3705
3708
3709
3712
3717
3720
3725
3728
3735
3736
3745
3751
3760
3765
3766
3773
3778
3785
3786
3795
3796
3798
3799
3800
3836
3845
3858
3920
3925
3931
3939
3945
3949
3955
3964
3977
3980
3981
3988
3991
3998
4026
4035
4040
4043
4076
4085
4086
4087
4088
4089
4093
4094
4122
4125
4128
4129
4130
4134
4137
4141
4149
4152
4154
4190
4193
4194
4204
4205
4208
4214
4221
4234
4245
4255
4259
4282
4287
4297
4306
4323
4329
4330
4338
4350
4351
4358
4361
4363
4436
4520
4521
4522
4534
4547
4552
4580
4591
4594
4598
4601
4628
4643
4644
4646
4653
4668
4674
4683
4684
4690
4692
4694
4695
4697
4700
4702
4703
4704
4705
4709
4712
4715
4718
4719
4720
4722
4723
4724
4726
4728
4729
4731
4739
4741
4747
4750
4758
4763
4771
4772
4774
4780
4784
4790
4792
4814
4830
4850
4853
4862
4863
4882
4891
4893
4913
4915
4916
4926
4931
4942
4946
4952
4968
4974
4976
4978
4983
5000
5019
5025
5048
5049
5051
5052
5063
5066
5080
5087
5091
5095
5096
5106
5108
5110
5111
5119
5126
5130
5144
5147
5160
5162
5165
5166
5170
5176
5179
5184
5187
5189
5190
5191
5192
5193
5194
5195
5198
5213
5216
5218
5223
5226
5230
5236
5238
5244
5245
5250
5255
5257
5261
5264
5269
5274
5289
5290
5295
5296
5300
5305
5310
5315
5316
5322
5325
5338
5339
5351
5358
5361
5371
5376
5395
5396
5423
5428
5430
5434
5442
5447
5456
5471
5476
5478
5479
5498
5500
5502
5507
5518
5519
5521
5528
5530
5538
5563
5566
5568
5573
5575
5579
5582
5587
5589
5598
5599
5602
5604
5605
5606
5607
5609
5621
5625
5631
5654
5660
5663
5687
5688
5708
5713
5723
5727
5728
5730
5742
5746
5770
5771
5781
5783
5789
5792
5793
5797
5805
5813
5824
5825
5826
5828
5830
5832
5836
5860
5862
5875
5879
5883
5885
5887
5892
5893
5894
5900
5903
5905
5915
5917
5921
5922
5925
5927
5929
5962
5978
5980
5990
5997
6000
6002
6016
6049
6092
6100
6102
6103
6117
6118
6121
6134
6144
6182
6185
6188
6197
6198
6199
6224
6231
6233
6235
6240
6258
6259
6262
6272
6297
6299
6303
6305
6309
6310
6311
6314
6319
6323
6326
6327
6334
6341
6342
6383
6389
6390
6391
6392
6399
6400
6416
6418
6422
6432
6443
6448
6453
6455
6495
6497
6499
6506
6507
6508
6513
6529
6535
6540
6542
6563
6566
6567
6571
6575
6579
6583
6595
6597
6598
6599
6601
6605
6607
6609
6611
6620
6621
6622
6638
6640
6646
6647
6648
6651
6653
6654
6662
6671
6674
6683
6687
6697
6709
6712
6713
6717
6720
6721
6731
6733
6738
6748
6772
6773
6777
6785
6786
6789
6794
6804
6809
6812
6814
6821
6829
6834
6843
6845
6853
6854
6855
6868
6873
6880
6884
6888
6891
6892
6901
6904
6905
6908
6924
6925
6932
6934
6935
6938
6949
6950
7001
7003
7019
7024
7025
7029
7037
7042
7067
7068
7071
7072
7077
7084
7086
7098
7101
7102
7112
7132
7150
7157
7158
7159
7167
7169
7170
7172
7174
7175
7184
7187
7189
7204
7224
7227
7249
7251
7257
7259
7263
7268
7275
7277
7280
7283
7284
7297
7298
7317
7319
7320
7329
7337
7341
7345
7351
7352
7355
7358
7372
7376
7381
7385
7389
7390
7391
7402
7403
7412
7415
7422
7423
7428
7431
7432
7436
7443
7453
7466
7476
7486
7494
7511
7515
7516
7517
7518
7528
7531
7534
7542
7547
7551
7555
7572
7596
7692
7737
7750
7776
7781
7798
7799
7804
7812
7846
7857
7871
7879
7884
7915
7916
7917
7918
7919
7957
7979
7991
8019
8021
8028
8031
8036
8050
8065
8085
8086
8120
8140
8192
8195
8202
8204
8216
8220
8239
8241
8242
8243
8260
8289
8290
8295
8301
8312
8314
8315
8321
8379
8398
8405
8411
8443
8449
8450
8452
8455
8470
8493
8503
8504
8508
8517
8518
8526
8540
8544
8546
8554
8562
8565
8566
8567
8573
8574
8575
8604
8607
8609
8625
8626
8629
8644
8648
8658
8659
8663
8666
8667
8671
8675
8722
8726
8771
8772
8777
8799
8802
8803
8805
8813
8815
8818
8833
8836
8837
8851
8853
8854
8859
8863
8864
8867
8869
8874
8878
8888
8890
8891
8892
8893
8898
8905
8915
8924
8927
8930
8943
8945
8996
8997
9013
9024
9027
9039
9043
9049
9054
9060
9091
9092
9094
9101
9113
9126
9128
9129
9131
9139
9140
9141
9145
9159
9166
9184
9197
9201
9203
9204
9205
9208
9211
9215
9217
9228
9229
9231
9255
9270
9289
9318
9320
9321
9342
9343
9356
9360
9364
9369
9378
9380
9382
9391
9392
9394
9409
9414
9415
9419
9420
9439
9440
9445
9446
9455
9463
9474
9475
9477
9479
9489
9495
9510
9516
9517
9520
9524
9526
9531
9533
9538
9556
9557
9568
9569
9570
9575
9578
9581
9600
9601
9612
9619
9639
9640
9646
9648
9652
9657
9659
9663
9666
9672
9681
9690
9702
9703
9711
9712
9722
9736
9742
9748
9750
9759
9760
9764
9774
9778
9782
9783
9785
9791
9805
9817
9820
9821
9826
9828
9829
9839
9841
9846
9855
9860
9869
9870
9874
9894
9895
9896
9897
9899
9901
9907
9915
9918
9927
9937
9939
9945
9946
9950
9958
9967
9968
9973
9987
9990
9993
10000
10011
10013
10015
10020
10038
10049
10051
10058
10059
10062
10072
10075
10078
10084
10094
10102
10111
10128
10129
10131
10133
10134
10135
10142
10157
10159
10166
10188
10194
10195
10196
10210
10243
10251
10253
10262
10269
10273
10274
10280
10290
10295
10302
10307
10313
10318
10329
10332
10342
10367
10379
10381
10382
10413
10420
10427
10443
10451
10456
10458
10461
10466
10469
10472
10479
10483
10484
10488
10489
10492
10497
10514
10522
10533
10535
10549
10550
10558
10559
10564
10574
10577
10580
10585
10587
10588
10594
10616
10617
10664
10667
10681
10682
10695
10717
10724
10725
10726
10743
10752
10755
10765
10767
10771
10785
10787
10801
10804
10806
10808
10814
10845
10847
10849
10857
10858
10861
10865
10890
10891
10908
10919
10939
10956
10978
10991
10999
11011
11019
11020
11041
11043
11044
11060
11069
11073
11091
11101
11107
11122
11128
11133
11146
11152
11154
11160
11178
11183
11186
11188
11190
11198
11214
11216
11222
11231
11234
11235
11236
11253
11260
11284
11285
11311
11315
11331
11343
11346
22803
22808
22827
22845
22852
22856
22858
22866
22868
22871
22872
22874
22881
22883
22884
22908
22920
22926
22930
22931
22937
22941
22948
22954
22976
22978
22982
22989
22999
23001
23013
23020
23025
23028
23034
23035
23036
23037
23039
23040
23049
23051
23054
23064
23065
23077
23078
23081
23090
23092
23093
23095
23096
23118
23126
23131
23133
23135
23136
23152
23167
23168
23169
23171
23175
23177
23189
23191
23196
23204
23209
23215
23229
23236
23258
23259
23261
23266
23274
23283
23294
23299
23316
23317
23321
23325
23327
23331
23339
23347
23348
23352
23353
23358
23360
23365
23376
23384
23385
23389
23395
23396
23400
23405
23408
23410
23413
23414
23417
23424
23426
23435
23438
23461
23462
23468
23469
23474
23479
23499
23503
23522
23523
23534
23545
23564
23568
23576
23583
23586
23594
23600
23607
23621
23630
23636
23646
23660
23683
23705
23767
23769
23774
23788
24148
25769
25778
25782
25792
25793
25800
25814
25816
25820
25821
25828
25830
25836
25839
25843
25851
25913
25915
25921
25923
25934
25939
25953
25962
25970
25974
25977
25978
26000
26005
26011
26012
26019
26022
26036
26037
26039
26040
26046
26047
26052
26053
26056
26058
26086
26090
26094
26108
26115
26121
26123
26128
26137
26146
26160
26164
26173
26229
26230
26232
26235
26258
26267
26275
26276
26277
26353
26470
26503
26504
26505
26511
26512
26523
26580
26762
26873
26953
26960
26986
26999
27019
27020
27030
27031
27032
27034
27044
27077
27086
27089
27115
27122
27131
27158
27161
27183
27229
27235
27241
27243
27247
27249
27250
27252
27258
27294
27300
27328
27332
27336
27343
27347
27352
27429
27445
28956
28962
28964
28976
29072
29078
29086
29106
29110
29118
29123
29887
29896
29899
29904
29914
29922
29926
29950
29954
29956
29965
29978
29979
30000
30008
30849
50484
50485
50618
50717
50804
50807
50814
50855
50863
50944
51004
51012
51021
51057
51062
51079
51082
51091
51094
51095
51099
51103
51107
51109
51111
51124
51128
51129
51141
51164
51167
51181
51185
51199
51202
51204
51218
51230
51234
51251
51256
51259
51293
51295
51308
51319
51322
51324
51366
51371
51422
51426
51433
51439
51463
51477
51490
51517
51520
51524
51526
51530
51567
51574
51582
51592
51594
51596
51601
51604
51606
51629
51642
51660
51663
51665
51667
51678
51684
51703
51715
51720
51727
51741
51750
51752
51763
53615
53616
53944
54014
54059
54187
54205
54332
54344
54413
54414
54434
54438
54468
54476
54487
54499
54545
54583
54584
54585
54617
54629
54664
54704
54715
54716
54726
54737
54790
54806
54808
54820
54822
54832
54840
54856
54865
54880
54887
54888
54901
54902
54904
54914
54928
54934
54935
54938
54949
54968
54977
54980
55005
55015
55023
55027
55033
55054
55079
55084
55101
55102
55109
55112
55120
55129
55131
55135
55145
55148
55149
55157
55163
55180
55183
55187
55198
55205
55206
55209
55212
55226
55240
55248
55250
55269
55275
55276
55328
55343
55366
55423
55471
55486
55502
55526
55527
55553
55572
55588
55589
55596
55599
55605
55624
55636
55650
55652
55654
55662
55684
55687
55690
55692
55699
55703
55717
55726
55737
55743
55748
55750
55755
55764
55768
55773
55775
55777
55780
55788
55790
55798
55800
55812
55814
55823
55825
55829
55832
55833
55844
55851
55858
55869
55870
55904
55905
55906
55914
55958
55959
55967
55972
55975
56052
56172
56204
56243
56252
56254
56270
56301
56478
56616
56623
56647
56652
56683
56829
56889
56916
56922
56934
56942
56945
56948
56975
56983
56997
57001
57002
57003
57017
57038
57045
57062
57107
57128
57144
57178
57190
57216
57221
57282
57459
57465
57468
57473
57474
57492
57496
57502
57505
57506
57510
57511
57514
57521
57522
57526
57531
57534
57539
57545
57547
57553
57555
57560
57575
57578
57591
57594
57599
57647
57654
57674
57677
57678
57679
57680
57685
57690
57700
57704
57706
57709
57721
57724
57728
57798
57805
58490
58508
58525
59269
60314
60386
60412
60481
60492
60528
60561
60672
60684
60685
63035
63826
63894
63943
63970
63982
64061
64067
64087
64101
64122
64145
64218
64231
64283
64285
64324
64327
64342
64374
64400
64419
64421
64423
64446
64682
64753
64754
64760
64762
64781
64788
64802
64840
64850
64854
64900
64924
65010
65018
65055
65057
65062
65065
65080
65084
65109
65125
65263
65992
66008
66036
78987
79001
79023
79036
79042
79048
79058
79068
79087
79088
79109
79133
79140
79158
79165
79188
79228
79365
79443
79577
79581
79634
79641
79648
79650
79659
79661
79671
79672
79675
79718
79719
79731
79751
79791
79796
79797
79798
79813
79828
79848
79870
79877
79882
79934
79944
79947
80010
80013
80014
80024
80025
80028
80031
80036
80067
80142
80155
80169
80184
80185
80199
80207
80208
80222
80224
80254
80270
80271
80273
80279
80308
80312
80314
80324
80325
80331
80344
80347
80700
80723
80725
80746
80775
80776
80789
80821
80896
81031
81488
81614
81618
81624
81790
81846
81848
81849
81857
81887
83452
83464
83478
83544
83592
83595
83605
83636
83667
83696
83734
83737
83860
83871
83988
83992
84061
84062
84100
84126
84142
84146
84162
84173
84182
84197
84231
84233
84254
84255
84274
84279
84282
84295
84300
84334
84342
84447
84464
84498
84522
84529
84572
84623
84662
84668
84680
84693
84701
84720
84749
84804
84812
84869
84872
84893
84910
84916
84919
84984
84987
85015
85300
85315
85365
85378
85415
85439
85440
85453
85460
85464
85476
87178
89781
89796
89797
89891
89910
90293
90313
90411
90576
90624
90627
90665
90678
90806
90865
91252
91452
91574
91647
91746
91801
91851
91942
91949
92002
92344
92482
92579
92667
92912
93145
93185
93233
93323
93380
93664
94103
96459
112398
112752
112812
112858
112939
113201
113235
113246
114609
114791
114798
114803
114825
114876
115908
116150
116228
116442
116443
116447
116985
117145
118813
119559
120114
120376
120534
120892
121457
121512
122773
122786
123016
123263
123606
124401
124446
124512
124583
124997
125170
125972
126328
127018
128637
128866
128954
129563
129607
130507
130574
131118
133686
134957
135138
137492
138050
138474
139285
140885
140890
140947
144165
145553
146050
146057
146433
146713
146802
147011
147323
147923
148022
148932
149371
150209
150684
151188
151393
152006
152185
152926
154743
154791
154881
157657
157680
157769
158471
159195
161742
163131
165918
166336
166647
167691
169792
170261
170506
171023
171425
192286
196513
196527
196528
197131
197322
199692
199953
200845
200933
200942
201163
201595
203068
205717
219473
220296
221037
221079
221421
221443
221692
221927
221937
221955
252839
252983
253461
253559
254042
254048
254394
254428
255394
256471
257218
267012
282890
283489
283638
283927
283987
284058
284086
284111
284119
284131
284252
284434
284695
285175
285195
285367
285440
285489
285590
286053
286148
337867
339451
339983
340554
343099
347733
347734
353274
360023
373156
374291
374378
375056
375287
375449
375748
375790
376940
378884
387104
387119
387893
388662
388962
389898
390916
399687
399818
399979
400916
404672
440073
440138
440279
493753
493856
643836
653857
728294
728642
729920
100131801
100131827
100506736
2
421
492
582
627
633
771
777
885
949
966
1075
1149
1545
1634
1636
1902
1954
2068
2149
2170
2348
2487
3358
3371
3547
3769
3815
3875
3930
4292
4356
4437
4487
4645
4647
4842
4867
4929
4987
5015
5157
5173
5256
5446
5696
5858
5863
6328
6374
6487
6696
6710
6813
7026
7050
7276
7704
7976
8294
8318
8395
8437
8642
8738
8828
9051
9075
9076
9627
9723
9725
9733
9992
10518
10653
10788
10809
23200
23213
23216
23230
23677
25849
25928
26577
29893
29929
53335
54102
54443
54463
54986
55117
55714
56034
56271
57176
57449
59341
64084
64093
64718
79174
79583
79696
79901
80310
83473
84140
84153
84678
85363
85461
91584
91869
95681
114987
221981
282808
282809
284129
344387
345611
91
367
463
713
774
776
987
1113
1120
1141
1371
1436
1993
2030
2132
2317
2563
2583
2651
2887
2899
2902
2911
2917
3133
3455
3614
3752
3897
4054
4610
4744
4849
4928
5027
5092
5281
5591
5649
5664
5795
5800
5818
6253
6584
6752
6781
7837
8506
8633
8660
8694
8706
8787
9001
9256
9379
9381
9515
9667
9695
9745
10161
10178
10312
10613
10745
10973
23105
23129
23195
23224
23262
23322
23334
23509
26468
51458
55068
55558
55628
56603
57185
57192
57576
57582
57688
64478
65250
79053
79759
79809
80055
81544
83394
83694
84320
84465
84542
84570
84629
84892
93986
114788
124925
129880
132158
140545
155185
200576
221178
253782
259232
259236
282996
284004
339829
340533
342667
345557
402682
503542
88
920
1103
1602
1690
1813
3248
3973
4023
4357
4907
6263
6330
7290
8288
9508
10645
25886
55466
55799
55806
79644
80144
91624
92749
121278
127833
143098
168667
200894
285513
440193
43
1291
1644
3759
9200
9631
10207
22899
23329
23592
55809
56131
56479
83852
84976
91752
164045
