1636
4185
134
247
307
7026
394
406
63974
633
706
720
302
858
966
3732
57514
4113
8837
9076
9075
1272
9362
1435
1466
2017
1534
1535
1545
1600
1601
1634
1719
1796
1837
133418
2016
2018
2034
2045
2060
7025
2138
5747
23175
2331
2348
6540
2819
2669
2670
9945
10672
2239
2908
2944
2949
1558
3000
3005
3077
3290
3182
3434
439996
11190
3667
6453
3760
3815
3875
11061
5696
4147
4487
4594
4598
4645
4646
8440
4739
4774
4781
4784
4792
4826
4884
8828
4929
5015
5080
5046
5164
5255
5286
8395
5578
101928991
5629
9265
284119
5829
83452
9545
8854
51655
8625
6035
6045
6097
6102
6281
6372
6374
5176
9723
2487
10580
6522
55553
5269
12
10653
6696
6773
252983
6925
7042
7069
7164
7276
84790
7431
54490
10912
494197
9839
9454
8707
152503
120
9315
25897
29767
51286
79366
90355
79668
115557
5507
27347
9020
8727
345611
55079
23024
2134
10628
30818
26137
23157
9516
9246
9211
10766
474381
23216
5502
3305
57630
140609
94241
59341
64084
85416
444
25928
534
81611
56259
6120
7386
93107
85461
36
10226
27034
22949
54820
89927
51523
56997
80820
386618
91544
26086
27246
9627
138151
81847
79877
56895
6117
2946
25792
51299
84532
5157
79957
81617
135138
8294
8360
51409
84886
9871
339456
51002
256586
26872
23555
6744
83473
23158
5372
51088
80310
54973
55374
1266
219287
127687
92104
150737
8450
79027
11022
2845
150771
79901
5519
84140
84249
57679
261729
8349
79442
84525
166929
92667
388730
80176
57539
221421
53354
117145
54800
29899
4239
22796
771
26577
85363
23167
55103
200942
200035
131408
339512
84417
155368
26353
23321
55764
59339
7227
9101
7745
255027
57282
23239
84929
27132
54716
2119
2731
374569
56940
23243
1102
114885
6345
23189
6563
6579
51422
23234
641700
83543
51097
80243
56254
800
26188
51760
2224
1608
4482
5634
4306
2558
5549
79870
64968
27244
134429
10614
164633
124997
29841
23220
79875
54511
54102
151636
734
344148
267012
8853
54103
10982
54552
83699
55755
10865
57224
246269
55198
56919
29091
10184
202151
121512
23294
2023
284273
80036
10383
91373
64855
85456
22903
55258
57835
90835
79767
7704
123688
220929
9705
23213
90139
222236
222962
90627
26266
64761
163175
7994
54502
9992
65124
6760
80228
5446
3418
51659
151230
135152
3422
284434
130589
407738
3707
492
9645
8499
221687
148753
79444
114827
27443
154091
388336
222255
55893
65062
81844
157638
132299
10788
5638
283219
26084
136288
387597
3769
353497
