10
12
14
16
18
20
21
22
23
25
27
29
30
31
34
35
36
37
38
39
40
47
48
50
51
52
53
60
71
81
86
87
90
95
97
98
102
103
104
107
108
111
115
117
118
119
120
128
132
134
136
141
142
148
156
157
158
159
160
161
162
163
164
166
178
183
191
203
204
205
207
208
210
211
214
215
216
221
222
224
225
226
230
231
247
262
267
271
273
274
275
287
288
291
292
302
307
308
309
310
316
318
320
321
322
324
327
328
329
331
333
334
339
348
351
353
357
366
369
372
373
375
377
378
381
382
388
389
392
394
396
400
402
403
405
406
408
410
411
412
427
435
439
440
444
460
466
468
471
472
473
475
476
477
478
481
482
483
488
490
491
493
498
501
506
509
513
514
515
516
517
518
521
522
523
526
527
528
529
533
534
535
537
539
546
547
549
550
558
567
572
573
577
581
583
585
586
587
593
594
595
596
598
599
605
607
613
617
622
636
637
642
644
645
648
649
655
657
658
661
662
664
665
667
669
670
673
676
677
678
686
687
689
694
706
708
720
726
734
738
740
744
746
747
754
755
757
758
760
761
767
781
782
784
785
788
790
793
794
800
805
811
813
814
815
816
817
818
819
821
829
830
832
833
835
836
839
840
842
847
858
862
865
867
868
871
873
874
883
889
892
894
900
901
902
904
905
908
928
950
954
955
957
960
961
975
984
988
989
994
996
997
998
1000
1002
1008
1009
1012
1019
1020
1022
1024
1025
1027
1032
1036
1054
1059
1060
1069
1070
1072
1073
1102
1104
1105
1106
1107
1108
1112
1114
1119
1121
1123
1128
1130
1147
1152
1153
1155
1173
1174
1175
1176
1181
1182
1183
1185
1186
1192
1195
1196
1198
1203
1207
1209
1211
1212
1213
1266
1268
1272
1293
1312
1314
1315
1316
1317
1318
1327
1329
1337
1340
1346
1347
1349
1351
1352
1355
1362
1363
1376
1379
1384
1385
1386
1387
1388
1389
1390
1397
1398
1399
1400
1404
1407
1408
1428
1429
1431
1432
1434
1435
1452
1453
1454
1456
1457
1459
1460
1465
1468
1476
1477
1478
1479
1487
1488
1491
1496
1497
1499
1500
1501
1503
1508
1509
1515
1519
1523
1534
1535
1537
1540
1558
1565
1595
1600
1601
1603
1605
1606
1607
1608
1612
1615
1616
1620
1627
1629
1632
1633
1635
1639
1642
1649
1650
1652
1653
1654
1655
1656
1657
1659
1660
1662
1665
1666
1676
1678
1687
1716
1717
1718
1719
1723
1725
1727
1728
1729
1730
1734
1737
1738
1739
1740
1741
1742
1743
1756
1757
1758
1759
1762
1777
1778
1780
1781
1783
1786
1787
1788
1795
1797
1798
1801
1802
1804
1806
1808
1809
1810
1819
1821
1822
1827
1837
1838
1839
1840
1841
1843
1845
1848
1849
1850
1855
1856
1857
1859
1861
1871
1874
1875
1876
1877
1889
1891
1892
1901
1911
1912
1915
1933
1936
1937
1938
1939
1946
1955
1956
1958
1962
1964
1965
1967
1968
1973
1974
1975
1977
1978
1981
1982
1983
1984
1992
1994
1995
1996
1997
2002
2005
2009
2010
2011
2013
2017
2018
2023
2026
2029
2033
2034
2036
2039
2043
2044
2045
2047
2049
2051
2052
2053
2054
2055
2058
2060
2067
2071
2072
2073
2074
2079
2098
2107
2108
2109
2110
2114
2115
2118
2119
2120
2121
2131
2134
2135
2137
2138
2140
2145
2152
2166
2171
2173
2176
2180
2181
2182
2184
2185
2186
2189
2192
2193
2194
2195
2197
2202
2217
2218
2222
2224
2232
2235
2245
2256
2257
2258
2259
2260
2261
2262
2263
2271
2272
2280
2286
2287
2288
2290
2308
2309
2314
2319
2326
2330
2331
2332
2339
2342
2346
2353
2356
2395
2475
2495
2512
2517
2519
2521
2530
2531
2534
2535
2542
2547
2548
2549
2550
2553
2554
2555
2557
2560
2561
2562
2566
2571
2572
2580
2581
2582
2584
2585
2589
2592
2595
2596
2597
2617
2618
2619
2621
2622
2628
2629
2631
2632
2635
2639
2641
2647
2648
2653
2661
2664
2665
2669
2670
2673
2674
2675
2677
2686
2690
2697
2706
2710
2717
2720
2729
2730
2731
2733
2734
2736
2737
2739
2743
2744
2745
2746
2747
2752
2760
2762
2764
2766
2767
2770
2773
2774
2775
2776
2778
2781
2782
2783
2785
2787
2790
2794
2799
2800
2801
2802
2803
2804
2805
2806
2817
2819
2820
2821
2822
2823
2824
2842
2846
2849
2861
2870
2872
2873
2874
2875
2876
2879
2882
2885
2889
2890
2891
2892
2894
2895
2896
2898
2904
2905
2907
2908
2913
2915
2923
2926
2931
2932
2935
2936
2937
2944
2946
2947
2949
2950
2954
2956
2957
2958
2959
2960
2961
2962
2963
2965
2966
2967
2968
2969
2975
2976
2982
2983
2987
2992
2997
3000
3005
3006
3015
3021
3028
3029
3030
3033
3035
3052
3054
3064
3066
3068
3069
3073
3077
3082
3084
3091
3092
3093
3094
3096
3097
3098
3107
3115
3131
3141
3145
3148
3150
3155
3156
3157
3158
3159
3162
3163
3164
3176
3177
3178
3181
3182
3183
3184
3185
3187
3188
3189
3190
3191
3192
3208
3241
3251
3257
3265
3267
3268
3269
3275
3276
3280
3281
3290
3295
3297
3298
3300
3301
3305
3306
3308
3309
3312
3313
3320
3321
3326
3329
3336
3337
3338
3340
3344
3376
3396
3397
3398
3400
3416
3417
3418
3419
3420
3421
3422
3423
3433
3437
3443
3454
3460
3475
3476
3482
3485
3488
3489
3491
3516
3550
3551
3600
3601
3607
3608
3609
3611
3612
3613
3615
3621
3628
3631
3632
3633
3636
3638
3643
3646
3652
3654
3658
3659
3660
3661
3667
3671
3685
3688
3693
3696
3703
3704
3705
3706
3707
3708
3709
3712
3716
3717
3720
3725
3728
3732
3735
3736
3737
3742
3745
3746
3747
3749
3750
3751
3754
3756
3760
3765
3766
3773
3775
3776
3778
3785
3786
3795
3796
3797
3798
3799
3800
3831
3836
3838
3839
3840
3842
3845
3858
3895
3903
3916
3920
3925
3927
3931
3939
3945
3949
3954
3955
3959
3964
3977
3980
3981
3985
3987
3988
3991
3995
3998
4013
4026
4035
4040
4043
4045
4047
4048
4074
4076
4077
4082
4084
4085
4086
4087
4088
4089
4090
4093
4094
4097
4112
4113
4116
4122
4123
4125
4128
4129
4130
4131
4133
4134
4135
4137
4139
4140
4141
4144
4145
4149
4152
4154
4163
4170
4176
4184
4189
4190
4191
4192
4193
4194
4199
4200
4201
4204
4205
4208
4209
4214
4216
4217
4218
4221
4234
4236
4238
4239
4245
4248
4253
4255
4257
4259
4282
4285
4287
4289
4297
4298
4300
4301
4302
4303
4306
4323
4329
4330
4331
4335
4338
4345
4350
4351
4354
4355
4358
4361
4363
4436
4482
4507
4520
4521
4522
4528
4534
4547
4552
4580
4584
4591
4594
4597
4598
4601
4628
4643
4644
4646
4649
4653
4659
4660
4664
4666
4668
4670
4673
4674
4675
4676
4677
4678
4681
4682
4683
4684
4686
4690
4691
4692
4694
4695
4696
4697
4698
4700
4701
4702
4703
4704
4705
4706
4708
4709
4710
4711
4712
4713
4714
4715
4716
4717
4718
4719
4720
4722
4723
4724
4726
4728
4729
4731
4733
4734
4735
4736
4738
4739
4741
4747
4750
4753
4756
4758
4763
4771
4772
4774
4779
4780
4781
4782
4784
4790
4792
4793
4798
4799
4801
4802
4814
4817
4820
4826
4830
4831
4836
4841
4848
4850
4853
4857
4858
4862
4863
4882
4884
4891
4893
4897
4898
4899
4904
4905
4913
4915
4916
4924
4926
4927
4931
4942
4946
4947
4952
4957
4967
4968
4974
4976
4978
4983
4999
5000
5001
5007
5013
5018
5019
5025
5033
5034
5037
5042
5046
5048
5049
5051
5052
5058
5062
5063
5064
5066
5073
5080
5082
5087
5091
5093
5094
5095
5096
5097
5099
5101
5106
5108
5110
5111
5119
5126
5127
5128
5130
5136
5141
5142
5144
5147
5151
5152
5153
5160
5162
5163
5164
5165
5166
5170
5176
5178
5179
5184
5187
5189
5190
5191
5192
5193
5194
5195
5198
5201
5202
5203
5204
5208
5209
5210
5211
5213
5214
5216
5217
5218
5223
5226
5228
5229
5230
5236
5238
5244
5245
5250
5255
5257
5260
5261
5264
5269
5272
5274
5279
5283
5286
5289
5290
5295
5296
5297
5298
5300
5305
5306
5310
5315
5316
5322
5325
5331
5335
5337
5338
5339
5348
5351
5356
5357
5358
5359
5361
5362
5371
5372
5376
5395
5396
5411
5412
5413
5423
5425
5428
5430
5431
5432
5433
5434
5435
5436
5437
5438
5439
5440
5441
5442
5447
5451
5453
5454
5455
5456
5463
5464
5469
5471
5476
5478
5479
5481
5494
5495
5496
5498
5499
5500
5501
5502
5504
5507
5509
5510
5511
5514
5515
5516
5518
5519
5520
5521
5523
5524
5525
5526
5527
5528
5529
5530
5531
5532
5534
5536
5537
5538
5549
5550
5562
5563
5565
5566
5567
5568
5569
5571
5573
5575
5576
5578
5579
5581
5582
5584
5586
5587
5589
5590
5594
5595
5596
5597
5598
5599
5601
5602
5604
5605
5606
5607
5608
5609
5610
5611
5612
5613
5621
5625
5631
5634
5635
5636
5639
5641
5654
5660
5662
5663
5681
5682
5683
5684
5685
5686
5687
5688
5689
5690
5691
5692
5693
5694
5695
5699
5700
5701
5702
5704
5705
5706
5707
5708
5709
5710
5711
5713
5714
5715
5716
5717
5718
5719
5720
5721
5723
5727
5728
5730
5742
5746
5747
5756
5764
5768
5770
5771
5775
5780
5781
5782
5783
5786
5789
5792
5793
5797
5802
5805
5810
5813
5814
5824
5825
5826
5827
5828
5829
5830
5832
5833
5834
5836
5860
5861
5862
5864
5865
5866
5867
5868
5869
5870
5871
5872
5874
5875
5876
5877
5878
5879
5883
5884
5885
5886
5887
5892
5893
5894
5898
5900
5901
5902
5903
5905
5908
5909
5910
5911
5912
5915
5917
5919
5921
5922
5923
5924
5925
5926
5927
5928
5929
5930
5931
5934
5935
5947
5955
5962
5965
5977
5978
5980
5981
5982
5983
5984
5986
5990
5991
5992
5997
6000
6002
6009
6014
6016
6018
6045
6046
6047
6048
6049
6050
6051
6059
6092
6095
6096
6097
6100
6102
6103
6117
6118
6119
6120
6121
6122
6124
6128
6132
6133
6134
6136
6137
6138
6139
6141
6142
6143
6144
6146
6150
6155
6156
6157
6158
6160
6164
6166
6167
6168
6169
6170
6181
6182
6183
6184
6185
6187
6188
6191
6192
6193
6196
6197
6198
6199
6203
6205
6206
6207
6210
6224
6228
6231
6233
6235
6239
6240
6241
6242
6249
6252
6256
6257
6258
6259
6262
6272
6277
6281
6293
6297
6299
6301
6302
6303
6304
6305
6309
6310
6311
6314
6319
6323
6326
6327
6334
6341
6342
6345
6376
6383
6385
6386
6388
6389
6390
6391
6392
6396
6397
6399
6400
6415
6416
6418
6421
6422
6426
6427
6428
6430
6431
6432
6433
6434
6443
6447
6448
6449
6453
6455
6456
6464
6472
6477
6483
6484
6495
6497
6498
6499
6500
6506
6507
6508
6509
6513
6515
6520
6522
6526
6529
6535
6536
6540
6542
6545
6548
6563
6565
6566
6567
6571
6574
6575
6579
6583
6595
6596
6597
6598
6599
6601
6602
6605
6607
6608
6609
6610
6611
6612
6613
6616
6617
6618
6619
6620
6621
6622
6624
6626
6627
6628
6629
6631
6632
6633
6634
6636
6637
6638
6640
6642
6643
6646
6647
6648
6651
6652
6653
6654
6655
6662
6667
6668
6670
6671
6674
6675
6683
6687
6697
6709
6711
6712
6713
6714
6715
6717
6720
6721
6723
6726
6727
6728
6730
6731
6732
6733
6734
6738
6741
6742
6744
6745
6746
6747
6748
6749
6760
6767
6772
6773
6777
6780
6782
6785
6786
6787
6788
6789
6794
6801
6804
6809
6810
6811
6812
6814
6821
6827
6829
6830
6832
6834
6835
6836
6837
6843
6844
6845
6853
6854
6855
6856
6857
6860
6861
6867
6868
6871
6872
6873
6878
6879
6880
6881
6882
6883
6884
6885
6888
6891
6892
6895
6897
6901
6902
6904
6905
6907
6908
6917
6919
6921
6923
6924
6925
6932
6934
6935
6938
6940
6942
6944
6945
6949
6950
6988
6990
6992
6996
7001
7003
7008
7009
7014
7019
7024
7025
7027
7029
7030
7037
7039
7042
7059
7064
7067
7068
7069
7070
7071
7072
7073
7077
7082
7084
7086
7088
7090
7091
7095
7098
7101
7102
7105
7106
7107
7108
7109
7110
7112
7130
7132
7150
7155
7157
7158
7159
7163
7164
7165
7167
7169
7170
7172
7174
7175
7178
7182
7184
7187
7189
7203
7204
7205
7216
7224
7227
7247
7249
7251
7257
7259
7260
7263
7264
7265
7266
7267
7268
7270
7275
7277
7280
7283
7284
7289
7295
7296
7297
7298
7301
7316
7317
7319
7320
7321
7322
7323
7324
7325
7326
7327
7328
7329
7332
7334
7335
7336
7337
7341
7342
7343
7345
7347
7351
7352
7353
7355
7358
7360
7372
7375
7376
7378
7381
7384
7385
7386
7388
7389
7390
7391
7392
7398
7402
7403
7404
7407
7411
7412
7415
7416
7417
7419
7422
7423
7428
7430
7431
7432
7436
7443
7447
7453
7458
7461
7466
7468
7469
7476
7477
7485
7486
7494
7511
7514
7515
7516
7517
7518
7520
7525
7528
7529
7531
7532
7533
7534
7536
7539
7541
7542
7543
7544
7547
7549
7551
7555
7559
7562
7566
7570
7571
7572
7580
7581
7582
7584
7586
7589
7596
7629
7644
7690
7692
7699
7701
7702
7706
7707
7728
7733
7737
7741
7743
7745
7750
7755
7756
7763
7769
7776
7781
7782
7786
7789
7791
7798
7799
7803
7804
7812
7813
7818
7832
7844
7846
7857
7862
7866
7867
7871
7873
7874
7879
7881
7884
7905
7913
7915
7916
7917
7918
7919
7920
7936
7957
7965
7979
7988
7991
7993
7994
8019
8021
8027
8028
8030
8031
8034
8036
8050
8065
8073
8078
8079
8085
8086
8087
8099
8110
8120
8125
8131
8140
8153
8165
8178
8187
8189
8192
8193
8195
8202
8204
8216
8220
8233
8237
8239
8241
8242
8243
8260
8266
8270
8284
8289
8290
8293
8295
8301
8303
8310
8312
8314
8315
8321
8343
8346
8349
8359
8368
8379
8382
8394
8398
8402
8405
8407
8408
8409
8411
8412
8417
8428
8439
8440
8443
8446
8449
8450
8451
8452
8453
8454
8455
8459
8464
8467
8470
8473
8476
8480
8487
8491
8493
8495
8498
8499
8500
8502
8503
8504
8505
8507
8508
8514
8517
8518
8520
8522
8525
8526
8527
8528
8533
8536
8539
8540
8543
8544
8545
8546
8548
8550
8553
8554
8556
8558
8559
8560
8562
8563
8565
8566
8567
8569
8570
8572
8573
8574
8575
8576
8577
8601
8603
8604
8607
8609
8611
8613
8615
8618
8621
8624
8625
8626
8629
8634
8636
8644
8648
8649
8650
8653
8655
8658
8659
8661
8662
8663
8664
8665
8666
8667
8668
8669
8671
8672
8673
8674
8675
8678
8683
8692
8697
8702
8703
8704
8707
8708
8715
8720
8721
8722
8723
8724
8725
8726
8727
8729
8731
8732
8733
8745
8760
8766
8771
8772
8774
8775
8776
8777
8780
8790
8799
8800
8801
8802
8803
8804
8805
8813
8815
8816
8818
8825
8833
8834
8836
8837
8841
8846
8848
8851
8853
8854
8859
8861
8862
8863
8864
8867
8869
8871
8872
8874
8878
8879
8880
8881
8883
8884
8886
8887
8888
8890
8891
8892
8893
8894
8895
8896
8897
8898
8899
8905
8907
8915
8916
8924
8925
8927
8930
8933
8935
8936
8939
8940
8943
8945
8976
8986
8991
8992
8996
8997
9013
9014
9016
9024
9027
9031
9039
9040
9043
9044
9045
9049
9054
9060
9061
9063
9066
9069
9070
9071
9079
9086
9091
9092
9093
9094
9097
9098
9099
9100
9101
9107
9108
9110
9111
9112
9113
9114
9117
9118
9125
9126
9128
9129
9130
9131
9133
9135
9139
9140
9141
9143
9144
9145
9146
9147
9158
9159
9166
9167
9169
9181
9183
9184
9185
9188
9191
9197
9201
9202
9203
9204
9205
9208
9209
9211
9213
9215
9217
9218
9219
9221
9223
9228
9229
9230
9231
9232
9238
9246
9249
9252
9255
9258
9261
9262
9265
9266
9267
9270
9275
9276
9282
9289
9295
9296
9306
9310
9314
9315
9317
9318
9320
9321
9322
9324
9325
9326
9328
9329
9330
9331
9337
9338
9341
9342
9343
9344
9349
9352
9354
9355
9356
9360
9361
9362
9363
9364
9367
9369
9371
9372
9373
9374
9375
9377
9378
9380
9382
9391
9392
9394
9397
9399
9400
9403
9406
9409
9410
9412
9414
9415
9419
9420
9425
9435
9439
9440
9442
9443
9444
9445
9446
9448
9453
9455
9456
9462
9463
9465
9468
9470
9472
9474
9475
9477
9479
9482
9486
9489
9491
9495
9500
9510
9512
9513
9516
9517
9519
9520
9521
9522
9524
9525
9526
9527
9528
9529
9530
9531
9532
9533
9537
9538
9541
9546
9547
9550
9551
9552
9553
9554
9555
9556
9557
9559
9564
9567
9568
9569
9570
9575
9577
9578
9581
9584
9587
9588
9589
9600
9601
9604
9605
9611
9612
9615
9616
9617
9619
9625
9632
9637
9638
9639
9640
9643
9645
9646
9647
9648
9649
9652
9653
9654
9655
9657
9658
9659
9663
9665
9666
9669
9670
9672
9673
9675
9677
9678
9681
9682
9683
9684
9685
9686
9687
9688
9689
9690
9692
9693
9694
9698
9699
9701
9702
9703
9706
9709
9710
9711
9712
9716
9718
9722
9726
9727
9728
9729
9730
9731
9732
9734
9736
9737
9738
9741
9742
9743
9746
9747
9748
9749
9750
9751
9758
9759
9760
9761
9762
9764
9765
9766
9772
9774
9776
9777
9778
9779
9781
9782
9783
9784
9785
9788
9789
9791
9792
9793
9796
9798
9801
9802
9804
9805
9807
9810
9811
9812
9813
9815
9817
9819
9820
9821
9823
9825
9826
9827
9828
9829
9831
9832
9839
9841
9843
9846
9847
9848
9849
9852
9854
9855
9857
9858
9859
9860
9861
9862
9863
9865
9867
9868
9869
9870
9871
9873
9874
9878
9879
9883
9885
9887
9892
9894
9895
9896
9897
9898
9899
9900
9901
9903
9907
9908
9909
9910
9911
9912
9913
9915
9917
9918
9919
9920
9921
9922
9924
9925
9926
9927
9929
9931
9933
9937
9939
9941
9945
9946
9948
9950
9958
9960
9962
9967
9968
9969
9972
9973
9975
9978
9980
9984
9986
9987
9988
9989
9990
9991
9993
9994
10000
10001
10005
10006
10007
10010
10011
10013
10014
10015
10016
10020
10025
10026
10038
10040
10042
10043
10048
10049
10051
10055
10056
10057
10058
10059
10061
10062
10063
10066
10067
10069
10072
10073
10075
10078
10079
10084
10085
10092
10093
10094
10096
10097
10098
10099
10101
10102
10105
10106
10109
10111
10113
10114
10116
10120
10121
10123
10124
10125
10126
10127
10128
10129
10130
10131
10133
10134
10135
10137
10138
10139
10140
10142
10146
10147
10150
10152
10153
10154
10155
10157
10159
10160
10162
10163
10166
10169
10174
10175
10179
10180
10181
10184
10188
10189
10190
10193
10194
10195
10196
10197
10198
10201
10204
10208
10210
10211
10212
10213
10217
10220
10226
10228
10229
10231
10236
10237
10238
10239
10240
10243
10244
10245
10247
10248
10250
10251
10253
10254
10260
10262
10263
10267
10269
10270
10273
10274
10277
10280
10282
10283
10284
10285
10286
10287
10289
10290
10291
10294
10295
10296
10297
10298
10299
10300
10302
10307
10308
10311
10313
10314
10317
10318
10322
10325
10326
10327
10328
10329
10330
10332
10336
10342
10352
10363
10367
10368
10376
10379
10380
10381
10382
10383
10390
10391
10393
10396
10398
10399
10401
10404
10409
10411
10413
10418
10419
10420
10421
10422
10423
10424
10425
10426
10427
10428
10430
10432
10434
10439
10440
10443
10444
10445
10446
10447
10450
10451
10456
10458
10459
10461
10463
10464
10465
10466
10467
10469
10472
10474
10476
10477
10478
10479
10480
10482
10483
10484
10486
10487
10488
10489
10490
10492
10494
10495
10497
10498
10499
10507
10509
10513
10514
10519
10521
10522
10523
10524
10525
10526
10527
10531
10533
10534
10535
10539
10540
10541
10542
10548
10549
10550
10552
10554
10556
10557
10558
10559
10564
10565
10567
10569
10570
10572
10573
10574
10575
10576
10577
10580
10585
10587
10588
10589
10592
10594
10598
10600
10605
10606
10608
10612
10614
10615
10616
10617
10621
10622
10623
10625
10627
10628
10630
10632
10640
10641
10650
10651
10652
10654
10656
10657
10658
10659
10664
10667
10668
10670
10671
10672
10675
10681
10682
10687
10690
10691
10694
10695
10713
10714
10717
10724
10725
10726
10728
10730
10735
10743
10746
10752
10755
10762
10765
10766
10767
10768
10769
10771
10772
10773
10776
10777
10781
10782
10783
10785
10787
10791
10799
10801
10802
10804
10806
10807
10808
10810
10813
10814
10815
10818
10825
10827
10838
10840
10844
10845
10846
10847
10849
10856
10857
10858
10861
10865
10867
10868
10869
10873
10885
10890
10891
10897
10898
10899
10900
10901
10902
10903
10904
10905
10906
10907
10908
10910
10912
10914
10915
10916
10919
10920
10921
10922
10923
10924
10927
10928
10933
10935
10939
10943
10944
10945
10946
10947
10948
10949
10951
10952
10953
10955
10956
10957
10959
10960
10961
10962
10963
10965
10971
10972
10975
10978
10979
10980
10982
10983
10985
10987
10988
10989
10991
10992
10999
11011
11014
11017
11018
11019
11020
11021
11022
11034
11040
11041
11043
11044
11047
11051
11052
11054
11056
11059
11060
11062
11066
11068
11069
11073
11075
11079
11080
11083
11091
11094
11096
11097
11100
11101
11102
11104
11107
11108
11112
11113
11116
11122
11123
11127
11128
11130
11133
11135
11137
11140
11142
11143
11145
11146
11148
11152
11153
11154
11158
11159
11160
11161
11164
11165
11167
11168
11170
11171
11176
11178
11179
11180
11183
11186
11188
11190
11193
11194
11196
11198
11212
11214
11215
11216
11222
11224
11230
11231
11234
11235
11236
11237
11238
11243
11244
11252
11253
11258
11260
11261
11264
11267
11269
11273
11275
11276
11278
11283
11284
11285
11311
11313
11315
11316
11319
11321
11325
11328
11329
11331
11332
11333
11334
11335
11336
11337
11338
11341
11343
11344
11345
11346
22794
22796
22803
22807
22808
22818
22820
22821
22823
22824
22826
22827
22828
22834
22835
22836
22838
22839
22841
22843
22844
22845
22848
22849
22850
22852
22853
22856
22858
22859
22862
22863
22864
22866
22868
22870
22871
22872
22873
22874
22875
22876
22878
22879
22880
22881
22882
22883
22884
22887
22888
22889
22890
22895
22902
22903
22905
22906
22907
22908
22911
22916
22919
22920
22921
22924
22926
22927
22929
22930
22931
22933
22937
22938
22941
22944
22948
22950
22954
22955
22976
22978
22979
22980
22981
22982
22985
22989
22990
22992
22993
22998
22999
23001
23002
23008
23011
23013
23014
23017
23019
23020
23023
23024
23025
23028
23029
23030
23031
23032
23033
23034
23035
23036
23037
23038
23039
23040
23041
23042
23043
23046
23047
23049
23051
23052
23053
23054
23057
23059
23061
23062
23063
23064
23065
23070
23071
23072
23074
23077
23078
23080
23081
23082
23085
23087
23090
23092
23093
23095
23096
23097
23099
23107
23108
23109
23112
23113
23116
23118
23122
23125
23126
23127
23130
23131
23133
23135
23136
23137
23139
23140
23141
23142
23148
23150
23151
23152
23154
23157
23160
23161
23162
23163
23167
23168
23169
23170
23171
23172
23173
23174
23175
23176
23177
23179
23184
23185
23186
23189
23190
23191
23192
23193
23196
23197
23198
23201
23203
23204
23205
23207
23208
23209
23210
23211
23214
23215
23219
23220
23221
23223
23228
23229
23232
23233
23234
23236
23237
23239
23242
23243
23244
23248
23250
23253
23256
23258
23259
23261
23263
23264
23265
23266
23269
23270
23271
23274
23275
23276
23277
23281
23283
23284
23285
23287
23291
23293
23294
23295
23299
23300
23301
23302
23304
23305
23307
23310
23312
23313
23315
23316
23317
23318
23321
23324
23325
23326
23327
23328
23331
23332
23333
23335
23339
23347
23348
23349
23350
23352
23353
23355
23357
23358
23360
23361
23362
23365
23366
23367
23369
23370
23373
23376
23380
23381
23382
23383
23384
23385
23386
23387
23389
23390
23392
23395
23396
23399
23400
23403
23405
23406
23408
23409
23410
23412
23413
23414
23417
23421
23423
23424
23426
23433
23435
23438
23450
23451
23457
23461
23462
23463
23464
23466
23467
23468
23469
23471
23473
23474
23476
23478
23479
23480
23483
23484
23492
23499
23500
23503
23505
23506
23510
23511
23512
23514
23515
23518
23519
23521
23522
23523
23524
23527
23528
23531
23534
23541
23542
23543
23544
23545
23548
23549
23552
23555
23557
23558
23559
23564
23567
23568
23576
23582
23583
23585
23586
23587
23588
23594
23595
23597
23598
23600
23603
23607
23608
23609
23613
23619
23620
23621
23623
23630
23633
23635
23636
23637
23640
23644
23645
23646
23647
23648
23650
23657
23658
23659
23660
23673
23678
23683
23705
23710
23731
23732
23741
23759
23760
23761
23767
23768
23769
23770
23774
23786
23787
23788
24139
24141
24142
24144
24147
24148
24149
25758
25764
25766
25769
25771
25776
25778
25782
25789
25791
25792
25793
25800
25801
25804
25807
25809
25813
25814
25816
25817
25819
25820
25821
25822
25824
25828
25829
25830
25831
25836
25839
25840
25842
25843
25844
25847
25851
25852
25853
25854
25855
25864
25870
25874
25875
25880
25885
25891
25896
25897
25898
25901
25904
25906
25909
25911
25913
25915
25917
25920
25921
25923
25926
25927
25929
25930
25934
25938
25939
25940
25941
25942
25943
25945
25948
25949
25953
25961
25962
25970
25972
25973
25974
25975
25976
25977
25978
25979
25980
25983
25988
25994
25996
25998
25999
26000
26001
26003
26005
26007
26009
26010
26011
26012
26015
26017
26018
26019
26020
26022
26027
26033
26036
26037
26038
26039
26040
26043
26045
26046
26047
26052
26053
26054
26056
26057
26058
26059
26060
26061
26063
26065
26071
26073
26084
26086
26088
26090
26091
26094
26097
26099
26100
26108
26115
26121
26122
26123
26127
26128
26130
26133
26135
26137
26145
26146
26151
26155
26156
26160
26164
26168
26173
26175
26188
26190
26224
26225
26229
26230
26232
26234
26235
26258
26259
26260
26263
26266
26267
26268
26269
26270
26273
26275
26276
26277
26286
26289
26292
26353
26354
26355
26470
26471
26502
26503
26504
26505
26508
26511
26512
26515
26517
26519
26520
26521
26523
26575
26580
26589
26608
26610
26750
26751
26762
26873
26953
26958
26959
26960
26973
26984
26985
26986
26993
26994
26995
26999
27000
27005
27012
27013
27018
27019
27020
27030
27031
27032
27034
27037
27044
27065
27067
27068
27069
27071
27072
27075
27077
27086
27087
27089
27090
27095
27101
27102
27109
27115
27122
27125
27131
27141
27152
27158
27161
27163
27166
27173
27175
27183
27229
27230
27235
27236
27238
27241
27242
27243
27244
27246
27247
27248
27249
27250
27252
27253
27254
27257
27258
27291
27294
27297
27300
27301
27303
27309
27314
27316
27327
27328
27332
27333
27335
27336
27339
27341
27342
27343
27346
27347
27348
27349
27351
27352
27429
27430
27433
27434
27436
27440
27443
27445
28316
28511
28512
28951
28955
28956
28957
28958
28960
28962
28964
28966
28969
28970
28971
28972
28973
28974
28976
28977
28978
28981
28985
28986
28988
28989
28991
28996
28998
28999
29035
29058
29062
29063
29066
29068
29071
29072
29074
29078
29079
29080
29081
29083
29085
29086
29087
29088
29090
29091
29093
29094
29095
29097
29099
29100
29101
29103
29104
29106
29107
29110
29114
29115
29117
29118
29123
29125
29761
29767
29777
29780
29781
29789
29796
29803
29842
29844
29855
29880
29882
29883
29886
29887
29888
29894
29896
29899
29902
29904
29906
29907
29914
29915
29916
29919
29920
29922
29923
29924
29926
29927
29928
29934
29945
29946
29950
29952
29954
29956
29959
29965
29966
29970
29978
29979
29985
29993
29994
29997
30000
30008
30011
30811
30815
30818
30827
30832
30833
30834
30836
30837
30845
30849
30850
30968
49854
49855
49856
50484
50485
50488
50515
50618
50626
50632
50640
50649
50650
50717
50804
50807
50809
50810
50813
50814
50840
50855
50861
50862
50863
50865
50944
50999
51002
51003
51004
51005
51006
51009
51011
51012
51014
51015
51016
51019
51020
51021
51022
51023
51024
51025
51026
51027
51028
51029
51030
51031
51035
51046
51057
51060
51062
51065
51069
51070
51071
51072
51073
51074
51075
51076
51078
51079
51081
51082
51084
51088
51091
51092
51093
51094
51095
51097
51098
51099
51100
51101
51102
51103
51104
51105
51107
51108
51109
51110
51111
51112
51115
51116
51117
51122
51123
51124
51125
51126
51128
51129
51130
51132
51133
51136
51138
51141
51142
51143
51144
51147
51149
51150
51155
51160
51163
51164
51167
51177
51181
51182
51184
51185
51186
51188
51193
51195
51199
51202
51204
51205
51218
51222
51226
51227
51230
51231
51232
51234
51239
51241
51244
51246
51247
51248
51249
51250
51251
51253
51255
51256
51257
51258
51259
51260
51263
51264
51265
51271
51272
51274
51277
51280
51283
51286
51287
51290
51292
51293
51295
51299
51300
51301
51304
51307
51308
51309
51310
51312
51317
51318
51319
51320
51321
51322
51324
51326
51329
51335
51340
51341
51343
51347
51362
51366
51368
51371
51372
51373
51374
51377
51379
51380
51382
51386
51389
51390
51397
51399
51400
51406
51409
51421
51422
51426
51428
51433
51434
51435
51439
51440
51441
51444
51447
51449
51451
51454
51463
51465
51471
51477
51478
51479
51490
51491
51493
51495
51496
51497
51499
51501
51503
51504
51506
51507
51510
51517
51520
51522
51523
51524
51526
51527
51528
51529
51530
51534
51535
51537
51538
51540
51548
51550
51552
51559
51560
51562
51566
51567
51569
51571
51573
51574
51575
51582
51585
51588
51592
51593
51594
51596
51601
51603
51604
51605
51606
51608
51611
51614
51616
51617
51621
51626
51629
51631
51633
51634
51635
51637
51642
51643
51645
51646
51647
51649
51650
51651
51652
51654
51660
51663
51665
51667
51668
51678
51684
51690
51692
51693
51699
51701
51703
51704
51714
51715
51719
51720
51726
51727
51728
51734
51735
51741
51742
51747
51750
51752
51754
51755
51759
51760
51762
51763
51768
51773
51780
51805
51808
53339
53343
53344
53349
53354
53358
53371
53407
53615
53616
53635
53826
53838
53840
53905
53916
53917
53938
53944
53981
54014
54039
54059
54065
54103
54107
54108
54148
54165
54187
54205
54328
54329
54331
54332
54344
54386
54407
54413
54414
54431
54432
54434
54438
54439
54442
54455
54460
54461
54462
54464
54467
54468
54469
54471
54472
54475
54476
54487
54490
54492
54494
54495
54496
54497
54498
54499
54503
54505
54511
54517
54520
54529
54532
54534
54536
54539
54541
54542
54543
54545
54552
54554
54555
54556
54557
54583
54584
54585
54586
54587
54602
54617
54619
54623
54629
54663
54664
54674
54675
54676
54677
54681
54704
54707
54708
54715
54716
54726
54732
54737
54741
54749
54758
54764
54765
54769
54778
54780
54784
54788
54790
54797
54799
54800
54806
54808
54812
54813
54814
54816
54820
54822
54823
54826
54827
54828
54832
54834
54838
54839
54840
54841
54849
54851
54856
54858
54859
54862
54865
54867
54868
54870
54874
54875
54877
54878
54880
54881
54883
54884
54887
54888
54890
54891
54893
54896
54898
54899
54901
54902
54904
54914
54915
54918
54922
54926
54927
54928
54929
54931
54934
54935
54936
54938
54939
54940
54943
54948
54949
54951
54952
54953
54954
54955
54957
54960
54961
54962
54963
54965
54968
54969
54971
54973
54976
54977
54978
54980
54981
54984
54985
54987
54989
54994
54995
54996
54998
55002
55003
55004
55005
55007
55008
55011
55012
55014
55015
55017
55022
55023
55027
55030
55031
55032
55033
55035
55037
55041
55048
55049
55051
55052
55054
55061
55062
55066
55069
55070
55071
55072
55074
55079
55080
55082
55084
55090
55094
55095
55100
55101
55102
55103
55105
55108
55109
55110
55111
55112
55114
55119
55120
55122
55129
55131
55133
55135
55139
55140
55142
55145
55146
55148
55149
55151
55152
55154
55156
55157
55159
55161
55163
55166
55167
55168
55171
55173
55174
55176
55177
55178
55179
55180
55182
55183
55184
55186
55187
55188
55190
55191
55192
55193
55196
55197
55198
55201
55204
55205
55206
55207
55208
55209
55210
55212
55213
55216
55218
55219
55222
55225
55226
55228
55229
55230
55233
55234
55236
55239
55240
55245
55246
55248
55250
55251
55252
55253
55255
55256
55257
55258
55260
55266
55268
55269
55274
55275
55276
55277
55278
55280
55284
55288
55290
55291
55293
55294
55295
55296
55297
55298
55304
55308
55312
55313
55314
55316
55317
55322
55324
55325
55326
55327
55328
55331
55333
55334
55335
55339
55341
55342
55343
55347
55352
55355
55361
55362
55364
55365
55366
55379
55421
55423
55425
55437
55450
55471
55486
55500
55501
55502
55504
55512
55520
55526
55527
55529
55530
55553
55559
55572
55573
55577
55585
55588
55589
55591
55593
55596
55599
55602
55604
55605
55607
55608
55609
55610
55614
55617
55621
55623
55624
55625
55626
55627
55629
55631
55633
55636
55638
55643
55644
55650
55652
55654
55656
55660
55661
55662
55663
55664
55665
55666
55667
55668
55669
55671
55676
55677
55680
55683
55684
55687
55689
55690
55691
55692
55695
55696
55697
55699
55700
55702
55703
55704
55706
55707
55709
55713
55717
55718
55719
55721
55726
55727
55729
55731
55734
55735
55737
55738
55739
55740
55741
55742
55743
55745
55746
55748
55749
55750
55751
55753
55754
55755
55756
55757
55758
55760
55761
55763
55764
55768
55770
55773
55775
55776
55777
55778
55780
55781
55785
55787
55788
55790
55791
55794
55795
55798
55800
55802
55810
55812
55814
55816
55818
55819
55823
55825
55827
55829
55831
55832
55833
55837
55844
55845
55846
55847
55848
55850
55851
55852
55854
55856
55858
55859
55860
55861
55862
55863
55869
55870
55871
55884
55885
55892
55898
55902
55904
55905
55906
55907
55909
55911
55914
55915
55916
55917
55920
55922
55924
55929
55930
55954
55957
55958
55959
55964
55967
55968
55970
55972
55973
55974
55975
56005
56006
56052
56061
56063
56107
56124
56146
56172
56181
56204
56243
56245
56252
56254
56255
56257
56259
56260
56261
56267
56270
56288
56301
56339
56341
56474
56478
56521
56616
56623
56647
56648
56650
56652
56654
56655
56658
56672
56674
56675
56681
56683
56776
56829
56834
56848
56850
56851
56853
56882
56886
56888
56889
56893
56894
56895
56897
56900
56902
56904
56905
56907
56910
56912
56916
56917
56919
56922
56926
56928
56929
56931
56934
56937
56940
56942
56943
56945
56946
56948
56949
56950
56951
56953
56954
56961
56965
56970
56975
56977
56983
56984
56985
56986
56987
56990
56993
56994
56995
56996
56997
56998
57001
57002
57003
57016
57017
57019
57020
57026
57030
57037
57038
57045
57050
57054
57060
57062
57085
57092
57095
57097
57102
57103
57106
57107
57109
57117
57118
57120
57122
57128
57129
57134
57136
57140
57142
57143
57144
57147
57148
57149
57150
57154
57161
57162
57168
57169
57171
57175
57178
57179
57180
57184
57187
57189
57190
57209
57213
57215
57216
57221
57222
57223
57224
57226
57231
57282
57325
57335
57336
57337
57338
57348
57396
57403
57404
57406
57407
57409
57410
57414
57415
57418
57419
57446
57447
57448
57452
57455
57456
57458
57459
57460
57462
57463
57464
57465
57467
57468
57469
57470
57472
57473
57474
57476
57478
57480
57486
57488
57489
57492
57494
57496
57498
57502
57504
57505
57506
57507
57508
57510
57511
57512
57513
57514
57515
57521
57522
57524
57526
57531
57532
57533
57534
57536
57537
57539
57540
57542
57544
57545
57547
57551
57552
57553
57555
57556
57559
57560
57561
57567
57568
57569
57570
57575
57578
57579
57584
57585
57586
57590
57591
57592
57594
57599
57602
57604
57605
57606
57609
57610
57613
57614
57616
57617
57620
57628
57630
57631
57634
57643
57645
57646
57647
57649
57654
57655
57658
57659
57661
57665
57666
57669
57674
57677
57678
57679
57680
57684
57685
57689
57690
57692
57693
57695
57696
57699
57700
57703
57704
57706
57707
57708
57709
57720
57721
57722
57724
57727
57728
57730
57763
57794
57795
57798
57799
57804
57805
57821
57826
57827
57862
58155
58472
58476
58477
58478
58480
58485
58488
58489
58490
58493
58497
58499
58505
58508
58513
58515
58517
58525
58526
58528
58533
59084
59269
59286
59338
59339
59342
59343
59349
59353
60312
60313
60314
60343
60370
60386
60412
60468
60481
60487
60488
60490
60491
60492
60496
60526
60528
60559
60560
60561
60592
60625
60626
60672
60678
60682
60684
60685
60686
63027
63035
63826
63827
63875
63876
63891
63893
63894
63897
63899
63905
63908
63915
63916
63917
63931
63932
63933
63934
63935
63939
63941
63943
63970
63971
63974
63982
64061
64062
64067
64077
64083
64087
64089
64101
64108
64114
64118
64121
64122
64137
64145
64147
64149
64168
64172
64207
64210
64218
64219
64222
64223
64224
64225
64231
64236
64282
64283
64285
64319
64320
64324
64326
64327
64342
64343
64359
64374
64376
64393
64395
64397
64398
64400
64412
64418
64419
64421
64422
64423
64425
64426
64428
64429
64430
64431
64432
64434
64446
64506
64598
64599
64601
64645
64682
64689
64708
64710
64743
64744
64745
64746
64747
64750
64753
64754
64756
64760
64761
64762
64763
64764
64766
64768
64769
64771
64777
64778
64779
64780
64781
64782
64783
64784
64786
64788
64789
64793
64795
64798
64802
64837
64838
64839
64840
64841
64844
64849
64850
64852
64853
64854
64858
64860
64863
64864
64881
64895
64897
64900
64921
64924
64928
64949
64960
64963
64965
64968
64969
64975
64976
64978
64979
64981
64983
65003
65005
65008
65009
65010
65018
65055
65056
65057
65062
65065
65080
65082
65083
65084
65094
65109
65110
65117
65123
65124
65125
65220
65244
65249
65263
65264
65265
65267
65268
65977
65979
65980
65983
65985
65987
65988
65990
65991
65992
65993
65997
65999
66004
66005
66008
66036
78986
78987
78990
78991
78992
78994
78997
79001
79002
79003
79004
79005
79008
79009
79012
79016
79018
79020
79022
79023
79027
79033
79034
79035
79036
79038
79039
79041
79042
79047
79048
79050
79058
79065
79066
79068
79071
79072
79073
79074
79077
79078
79080
79084
79085
79086
79087
79088
79089
79090
79091
79095
79096
79109
79133
79135
79137
79139
79140
79142
79143
79144
79145
79149
79154
79157
79158
79159
79165
79169
79172
79178
79183
79184
79187
79188
79228
79269
79363
79364
79365
79366
79411
79415
79441
79442
79443
79447
79567
79568
79571
79572
79575
79576
79577
79581
79585
79586
79590
79591
79594
79595
79596
79598
79602
79603
79605
79607
79608
79613
79618
79622
79624
79627
79632
79634
79637
79639
79641
79643
79646
79647
79648
79650
79654
79657
79658
79659
79661
79663
79665
79666
79668
79670
79671
79672
79673
79675
79676
79677
79685
79691
79692
79694
79699
79701
79706
79712
79714
79717
79718
79719
79720
79724
79726
79731
79734
79735
79736
79739
79745
79751
79752
79754
79760
79768
79770
79774
79777
79788
79789
79791
79794
79796
79797
79798
79810
79811
79813
79828
79829
79831
79832
79833
79837
79841
79847
79848
79869
79870
79871
79872
79873
79874
79876
79877
79882
79884
79885
79888
79892
79893
79894
79896
79897
79898
79902
79903
79905
79922
79932
79934
79939
79944
79947
79953
79954
79956
79957
79969
79971
79973
79979
79982
79991
80006
80007
80010
80011
80012
80013
80014
80017
80018
80020
80021
80024
80025
80028
80031
80034
80036
80067
80095
80108
80124
80139
80142
80145
80148
80152
80153
80155
80167
80169
80173
80176
80184
80185
80194
80196
80198
80199
80204
80205
80207
80208
80209
80210
80212
80213
80218
80219
80222
80224
80230
80232
80233
80243
80254
80255
80256
80262
80270
80271
80273
80279
80301
80304
80305
80306
80308
80309
80311
80312
80313
80314
80315
80317
80318
80319
80321
80324
80325
80331
80333
80335
80344
80347
80349
80351
80700
80705
80709
80723
80725
80727
80742
80745
80746
80755
80762
80764
80765
80774
80775
80776
80777
80789
80790
80818
80820
80821
80823
80824
80829
80851
80854
80856
80895
80896
81031
81037
81488
81490
81502
81533
81539
81542
81550
81551
81552
81553
81555
81556
81558
81559
81562
81563
81565
81567
81570
81572
81573
81576
81577
81602
81603
81605
81608
81609
81611
81614
81617
81618
81619
81624
81627
81631
81669
81671
81688
81689
81790
81844
81846
81847
81848
81849
81855
81857
81858
81873
81876
81887
81889
81890
81892
81926
81929
81932
83442
83443
83446
83451
83452
83460
83464
83475
83478
83541
83543
83544
83548
83549
83590
83591
83592
83594
83595
83596
83604
83605
83606
83607
83608
83636
83637
83638
83640
83658
83660
83667
83692
83693
83696
83698
83699
83707
83719
83732
83733
83734
83737
83743
83752
83759
83786
83787
83854
83857
83858
83860
83861
83862
83871
83874
83877
83884
83892
83930
83931
83933
83940
83941
83985
83986
83988
83989
83992
83999
84056
84058
84060
84061
84062
84063
84064
84065
84067
84078
84079
84081
84083
84085
84100
84124
84126
84128
84129
84132
84133
84134
84141
84142
84146
84148
84152
84154
84159
84162
84164
84167
84172
84173
84181
84182
84186
84187
84188
84191
84193
84196
84197
84210
84219
84230
84231
84232
84233
84236
84240
84243
84246
84247
84248
84249
84251
84253
84254
84255
84256
84259
84261
84262
84264
84265
84266
84267
84268
84269
84271
84272
84274
84275
84276
84277
84279
84280
84281
84282
84284
84285
84286
84287
84289
84292
84293
84295
84296
84298
84299
84300
84301
84302
84303
84304
84305
84306
84307
84309
84311
84312
84315
84316
84317
84319
84321
84324
84326
84327
84328
84330
84331
84333
84334
84336
84342
84364
84376
84435
84437
84440
84444
84447
84448
84450
84457
84460
84461
84464
84498
84501
84502
84513
84516
84520
84522
84525
84529
84532
84545
84548
84549
84552
84557
84572
84617
84619
84623
84626
84631
84632
84640
84641
84650
84656
84661
84662
84668
84669
84680
84681
84687
84693
84695
84701
84706
84707
84708
84717
84720
84726
84747
84749
84750
84759
84769
84787
84790
84792
84804
84811
84812
84814
84816
84817
84833
84836
84844
84859
84861
84866
84867
84869
84872
84881
84883
84885
84886
84888
84890
84893
84894
84895
84896
84897
84902
84908
84909
84910
84912
84916
84918
84919
84922
84923
84925
84926
84928
84932
84933
84936
84937
84938
84939
84945
84946
84950
84954
84955
84957
84959
84961
84964
84966
84967
84969
84971
84975
84984
84987
84988
84991
84992
84993
85012
85013
85014
85015
85019
85021
85025
85300
85302
85313
85315
85364
85365
85369
85377
85378
85397
85403
85406
85415
85416
85437
85439
85440
85444
85451
85453
85455
85458
85460
85464
85465
85476
87178
87769
89781
89795
89796
89797
89853
89874
89891
89910
89927
89941
89953
89970
89978
90007
90120
90134
90135
90196
90203
90204
90293
90313
90324
90326
90355
90362
90410
90411
90416
90480
90507
90522
90523
90550
90576
90580
90624
90627
90634
90637
90639
90665
90678
90693
90701
90780
90806
90809
90835
90843
90861
90864
90865
90871
90956
90987
90990
91012
91039
91074
91137
91252
91272
91283
91298
91300
91368
91369
91373
91404
91408
91442
91445
91452
91574
91582
91603
91608
91612
91647
91653
91689
91746
91750
91768
91782
91801
91828
91851
91875
91893
91942
91949
91966
91978
92002
92014
92104
92105
92106
92140
92154
92170
92259
92305
92344
92369
92400
92482
92558
92579
92597
92609
92610
92667
92675
92703
92715
92737
92815
92906
92912
92935
92960
93058
93081
93107
93109
93129
93145
93185
93233
93323
93343
93380
93436
93487
93517
93611
93621
93624
93663
93664
93973
93974
94005
94025
94056
94059
94081
94101
94103
94134
94239
94241
96459
96764
103910
112398
112483
112487
112495
112574
112611
112724
112752
112755
112812
112840
112849
112858
112869
112936
112939
112950
113000
113174
113177
113201
113235
113246
113251
113402
113419
113444
113457
113675
113791
113828
113829
114034
114049
114088
114112
114134
114294
114569
114609
114757
114769
114789
114790
114791
114792
114793
114795
114798
114799
114800
114803
114804
114822
114823
114825
114826
114876
114879
114880
114881
114882
114883
114885
114926
114928
114932
114971
115024
115098
115106
115201
115209
115286
115294
115353
115361
115426
115509
115548
115557
115703
115752
115817
115827
115908
116064
116138
116143
116150
116151
116154
116228
116238
116254
116442
116443
116447
116461
116541
116841
116843
116966
116983
116984
116985
116987
116988
117143
117145
117178
117283
117608
118424
118426
118472
118487
118672
118812
118813
118924
118987
119016
119032
119392
119504
119559
119710
120103
120114
120376
120526
120534
120892
121053
121275
121441
121457
121512
121536
121665
122060
122509
122553
122616
122704
122773
122786
122809
122830
122961
123016
123096
123169
123207
123263
123283
123355
123606
123688
123803
123811
123879
123920
124044
124222
124359
124401
124402
124411
124446
124512
124540
124565
124583
124637
124641
124790
124801
124808
124935
124936
124961
124997
125058
125150
125170
125228
125476
125950
125972
125988
126003
126074
126119
126129
126231
126298
126308
126328
126382
126433
126526
126638
126789
126823
127018
127253
127262
127281
127294
127428
127700
127703
127707
127829
127933
127943
128061
128240
128308
128338
128387
128414
128486
128637
128826
128866
128869
128954
128989
129049
129285
129303
129401
129450
129531
129563
129607
129642
129685
130074
130132
130502
130507
130535
130574
130589
130617
130872
131034
131076
131118
131408
131474
131601
131870
131965
132001
132160
132204
132299
132321
132660
132789
132864
132949
133015
133022
133619
133686
133746
133957
134111
134145
134147
134266
134359
134429
134492
134510
134553
134728
134957
135112
135114
135138
135152
135154
136319
137392
137492
137695
137872
137886
137964
138050
138151
138241
138474
138639
138716
139170
139231
139285
139322
139341
139728
140459
140460
140461
140606
140609
140707
140710
140730
140733
140735
140739
140767
140775
140809
140823
140831
140885
140890
140894
140947
142678
142679
142891
142940
143187
143384
143458
143686
143879
143884
144100
144108
144110
144165
144195
144348
144363
144402
145282
145482
145483
145508
145553
145567
145748
145773
146050
146057
146206
146223
146279
146330
146395
146433
146434
146540
146542
146547
146691
146712
146713
146802
146923
147007
147011
147179
147184
147323
147463
147741
147746
147807
147808
147837
147906
147923
147929
147991
148022
148223
148266
148304
148362
148423
148534
148753
148808
148811
148867
148932
149041
149281
149345
149371
149420
149603
149840
149951
149986
150209
150274
150290
150383
150465
150572
150678
150684
150726
150737
150864
150962
151011
151050
151188
151194
151230
151313
151354
151393
151525
151556
151613
151636
151742
151887
151903
151963
151987
152002
152006
152007
152100
152185
152404
152485
152579
152789
152926
153020
153090
153129
153222
153241
153339
153364
153396
153443
153527
153642
153830
154007
154043
154467
154743
154791
154796
154881
155061
155066
155368
155435
157378
157506
157567
157657
157680
157769
157922
158219
158234
158358
158427
158471
158586
158747
158931
159013
159119
159195
160518
160760
160851
161145
161424
161742
161823
161829
162239
162427
162655
162993
163131
163175
163223
163486
163590
163859
163882
164091
164832
165055
165215
165324
165918
166336
166378
166614
166647
166815
166968
167410
167691
168544
168850
169200
169792
170063
170082
170261
170506
170622
170685
171023
171425
171546
171568
171586
192286
192669
192683
195827
195828
196051
196074
196294
196383
196394
196403
196441
196483
196513
196527
196528
197131
197257
197320
197322
197370
197407
199221
199692
199699
199704
199870
199953
199990
200014
200081
200185
200186
200312
200407
200424
200734
200765
200845
200933
200942
201163
201176
201229
201254
201266
201292
201299
201475
201562
201595
201626
201627
201895
201965
202018
202052
202151
203054
203068
203190
203197
203228
203245
203260
203523
205327
205717
206358
219287
219293
219333
219473
219541
219749
219771
219854
219899
219927
219988
220002
220064
220108
220213
220296
220323
220382
220929
220965
221002
221035
221037
221061
221074
221078
221079
221092
221120
221143
221154
221184
221294
221302
221421
221443
221477
221545
221656
221687
221692
221710
221830
221927
221937
221938
221955
221960
222068
222183
222194
222223
222229
222236
222255
222658
222865
245812
245939
246175
246184
246243
246269
252839
252983
252995
253143
253190
253260
253430
253461
253558
253559
253635
253650
253725
253832
253943
253959
253980
254013
254042
254048
254122
254158
254170
254225
254251
254359
254394
254428
254552
254863
255027
255252
255394
255758
255919
255967
256281
256471
256586
256643
256714
257068
257160
257194
257218
257415
258010
259217
259282
260425
261726
266812
267012
267020
280636
282679
282890
282969
282991
283171
283209
283219
283232
283237
283254
283337
283377
283450
283459
283489
283537
283578
283579
283600
283638
283742
283871
283899
283927
283951
283985
283987
284058
284086
284106
284111
284119
284131
284161
284184
284252
284273
284307
284323
284325
284352
284361
284434
284439
284443
284611
284613
284695
284723
285148
285172
285175
285190
285195
285231
285237
285282
285315
285331
285343
285367
285381
285382
285440
285489
285527
285590
285636
285671
285672
285676
285755
285852
285855
285971
286053
286075
286097
286128
286144
286148
286205
286257
286451
286464
317662
317671
317749
337867
338382
338645
339123
339175
339230
339231
339287
339324
339327
339366
339448
339451
339479
339487
339512
339983
340351
340481
340527
340543
340554
340578
340895
342371
342538
342618
342945
343069
343099
343172
343990
344148
345757
345778
347733
347734
347862
348093
348235
348262
348793
349565
353116
353274
353497
353500
359948
360023
373156
374291
374354
374378
374395
374618
374655
374659
374868
374882
374928
374969
374986
375035
375056
375189
375190
375287
375323
375387
375444
375449
375704
375743
375748
375757
375775
375790
376267
376497
376940
378884
386618
387032
387104
387119
387263
387328
387338
387496
387521
387597
387640
387893
387921
388228
388272
388324
388403
388419
388536
388561
388595
388611
388646
388650
388662
388962
389072
389152
389203
389362
389493
389541
389898
390038
390637
390916
391004
391196
391356
392636
399512
399665
399687
399693
399818
399947
399979
400073
400224
400506
400569
400673
400745
400916
400961
401115
401190
401207
401466
401548
401612
401647
403314
404093
404217
404550
404636
404672
404734
408050
414189
414328
414918
415116
440026
440073
440097
440138
440145
440279
440400
440567
440574
441150
441151
441425
441430
441478
441518
441871
442213
474381
493753
493856
493869
493911
494115
494143
497661
541468
548596
548644
550631
552889
552900
553115
574028
606495
619208
619279
641371
642517
642968
643155
643836
644150
644353
645961
646625
648791
651746
652968
653268
653319
653489
653784
653857
654364
654429
727800
727851
727957
728294
728318
728378
728392
728404
728489
728492
728568
728642
728661
728747
729085
729092
729420
729438
729515
729540
729747
729857
729920
729967
729991
729993
730094
730130
780776
100037417
100113407
100127206
100129361
100131801
100131827
100132874
100134934
100272147
100287171
100287226
100287932
100289635
100302652
100506736
100507421
100526694
100526740
100527963
100529144
100529215
100532731
100532736
100534599
100862671
100996648
101928991
102288414
102724023
102724560
2
165
421
492
582
627
633
771
777
885
949
966
1075
1149
1444
1466
1545
1609
1634
1636
1796
1902
1954
2016
2068
2149
2170
2239
2348
2487
2558
2845
2972
3358
3371
3382
3434
3547
3556
3769
3815
3875
3930
4147
4185
4232
4237
4292
4356
4437
4487
4496
4645
4647
4685
4842
4867
4929
4987
5015
5157
5173
5256
5446
5629
5638
5696
5858
5863
6035
6091
6294
6328
6372
6374
6487
6696
6710
6813
7026
7050
7074
7156
7276
7561
7704
7705
7732
7976
8089
8100
8294
8318
8360
8395
8437
8642
8693
8738
8828
8844
8974
8999
9015
9020
9051
9075
9076
9454
9467
9545
9627
9704
9705
9723
9725
9733
9753
9771
9818
9836
9943
9992
10044
10435
10518
10636
10653
10788
10797
10809
10966
11061
22865
22904
22949
23094
23098
23158
23200
23213
23216
23230
23231
23368
23632
23677
25796
25849
25928
25989
26118
26507
26577
26872
27106
27132
27148
29841
29893
29903
29929
29982
29988
51018
51268
51302
51363
51460
51555
51655
51659
51706
53335
53822
54102
54443
54463
54502
54509
54662
54842
54857
54879
54970
54974
54986
55038
55117
55127
55170
55227
55374
55622
55632
55714
55766
55893
56034
56271
56941
57130
57176
57449
57451
57535
57574
57633
57835
59341
60680
64084
64093
64375
64718
64773
64855
64919
79174
79444
79583
79696
79767
79772
79776
79823
79862
79875
79901
79906
80023
80128
80146
80228
80310
83473
83483
84140
84153
84270
84310
84318
84335
84417
84649
84678
84929
85016
85363
85395
85456
85461
90139
91544
91584
91663
91683
91748
91869
95681
114827
114987
115399
115992
116328
117177
121504
123228
124152
125965
126432
127687
129138
130560
133418
136288
139818
140467
142684
147949
149076
150771
151126
152503
152877
154091
154872
157638
164633
166793
166929
170394
192111
197342
200035
201255
219902
221981
222008
222962
223082
254295
255520
256691
261729
282808
282809
283208
284129
284485
285193
339416
339456
344387
345611
347730
374569
386676
388336
388722
388730
389206
407738
439996
494197
641700
100310846
91
92
105
367
395
463
713
770
774
776
987
1040
1113
1120
1141
1371
1436
1455
1520
1854
1949
1993
2030
2132
2317
2556
2563
2583
2651
2786
2887
2899
2902
2911
2917
3133
3455
3614
3635
3752
3755
3780
3897
3899
4004
4008
4037
4054
4121
4150
4325
4326
4610
4744
4849
4928
5027
5089
5092
5129
5154
5252
5281
5577
5591
5649
5664
5784
5791
5795
5799
5800
5801
5818
5985
6253
6584
6594
6625
6750
6752
6781
6863
7111
7357
7837
7922
8161
8354
8496
8506
8541
8633
8660
8694
8706
8751
8787
8938
8975
9001
9025
9053
9256
9278
9334
9379
9381
9481
9515
9610
9667
9695
9745
9757
9814
9851
9853
9881
10076
10161
10178
10293
10312
10362
10579
10613
10745
10888
10973
11228
22986
23005
23105
23129
23149
23165
23195
23224
23254
23262
23279
23322
23334
23359
23509
23551
23708
25827
25837
25900
26034
26035
26049
26050
26468
27097
27124
27128
27239
27439
28232
50651
50859
51170
51209
51306
51375
51393
51412
51430
51458
51542
51547
54477
54521
54522
54531
54550
54566
54785
54825
54843
54972
54991
55026
55028
55068
55092
55137
55144
55432
55435
55508
55558
55576
55619
55628
55711
55830
55966
56265
56342
56475
56603
56884
56924
57084
57089
57172
57185
57192
57198
57210
57466
57479
57520
57554
57563
57576
57582
57583
57597
57624
57683
57688
57863
58157
64130
64215
64344
64478
64755
65108
65250
65982
65998
79053
79612
79698
79759
79809
79850
80003
80055
80267
81544
81832
81928
83394
83694
83851
83855
84320
84458
84465
84542
84570
84629
84892
84900
85443
85446
89849
90161
90379
90957
91522
93643
93986
114788
114794
116068
124925
125113
126282
127544
129880
130940
132112
132158
134121
134353
134548
134829
135295
137970
138046
138311
139065
140545
145581
146705
149111
149175
155185
158038
161436
167227
196500
199731
200576
205147
219539
221178
221336
221496
221895
222553
253782
254102
259232
259236
282973
282996
284004
284615
285704
338811
338872
339829
340533
342667
344558
345557
347731
348180
375057
375484
388963
389075
402682
441027
494470
503542
641649
642938
643853
728215
729956
729974
100130967
88
654
920
1006
1103
1602
1690
1813
2104
2117
2662
2830
3248
3739
3973
4023
4046
4215
4357
4907
5137
5816
6263
6275
6330
7290
8288
8796
9120
9480
9508
9816
9951
10634
10645
11138
23060
23593
25886
29967
54112
54207
54622
54850
54872
55063
55466
55531
55799
55806
57110
57577
57718
57732
79644
80144
80263
81831
83891
84071
84250
91624
92749
121278
126626
127833
130399
143098
148281
153769
157695
162494
168667
200894
203522
254531
285513
327657
388610
390205
440193
643355
646658
100131244
41
43
219
1291
1644
1948
3759
4922
9200
9631
10207
22899
23329
23592
25834
26747
55783
55809
56131
56479
57018
57636
79070
80817
81537
83852
84514
84524
84976
91050
91752
116931
164045
205564
221749
266727
