10003
100128927
100129583
100130827
100131439
10014
10015
10016
100169851
100170765
10025
100287718
1003
10039
10044
100499483
100506144
100506564
100506658
100506736
100507290
100507421
100507656
10052
100527949
100529144
100533183
10054
10060
10061
100652824
10079
10082
100820829
10085
10090
10095
10100
101060376
10110
10120
1013
10135
10138
10139
10147
10150
10155
10160
10163
10164
10165
1017
10171
10178
10186
101928722
101929469
10195
10199
1020
10200
10203
1021
10211
10215
10221
10227
10229
10233
10235
10243
10245
1025
10252
10253
1026
10262
10265
10266
10267
10268
10272
102723996
10276
10278
1029
10290
10297
1030
10300
10307
1031
10314
10319
10327
10330
10335
10344
10350
10351
10360
10365
10367
10370
10376
10381
10382
10383
103910
10395
10396
10397
10399
10401
10410
10412
10420
10422
1043
10430
10435
10436
10437
10438
10445
10446
10449
10454
10455
10457
10467
10468
10472
10488
10493
10494
10498
10501
10505
10512
10523
10524
10528
10533
10534
10539
10540
10541
10554
10561
10570
10573
10574
10580
10581
10594
10598
10602
10607
10608
10609
10610
10611
10612
10627
10633
10634
10636
10637
10641
10681
10691
10713
1072
10723
1073
10741
10743
10749
10750
10755
10772
10775
10776
10797
10800
10813
10815
10844
10856
10857
10858
10871
10874
10882
109
10900
10907
10911
10916
10919
10922
10938
10948
10956
10965
10966
10969
10971
10975
10980
10992
10994
10999
11006
1103
11030
11031
11033
11036
11047
11057
11067
11072
11075
11076
11078
11082
1109
11092
11098
11103
11113
11117
1112
11132
11135
11137
11138
1114
11140
11145
11148
11151
11155
11156
11157
1116
11163
11166
11177
11180
11182
11183
11188
11189
112
11200
11201
11213
11217
11221
11226
11227
1123
11230
1124
11240
112464
11255
11258
11259
112616
11270
11275
11276
112770
112812
112939
112950
113000
11309
11314
11315
11316
11318
11322
113246
113278
11332
11333
11334
11337
11340
11342
11344
113451
1137
113829
113878
114299
114548
114609
114757
114781
114790
114794
114804
114815
114881
114884
114898
114900
114904
114905
114907
114908
115098
115111
1152
115265
115330
115557
115572
115650
115677
115703
115708
115939
115948
116113
116138
116159
116173
116372
116412
116447
116448
116496
116534
116535
116835
116983
116986
116987
116988
117143
117246
117247
117248
1175
117583
117584
1180
1181
118426
118427
118429
118442
118460
118611
118738
118788
118881
119
119016
1191
1200
1201
120406
120425
1209
1211
1212
121260
121457
121601
122046
122060
122402
122416
122481
122618
122622
122704
123
1230
123099
1232
123283
1234
123591
1237
123745
1238
123872
1240
124044
124402
124602
124857
124930
124944
124976
124995
124997
125058
125228
125704
125988
126
1260
126006
126119
126129
126133
126321
126326
126328
126364
126393
126433
1265
126520
126526
126567
126669
1267
126731
127002
1271
1272
127281
127435
127731
127733
1278
128077
1281
1282
128218
128240
128272
128344
1284
128434
128826
128853
1289
1290
1295
129563
1296
129804
129807
130120
1302
130271
130733
130752
1308
130813
130888
131408
131544
131583
132203
132204
1326
132671
1327
1329
133121
133690
1337
133923
1340
134111
134218
134265
134430
1347
134860
1349
135
1351
135228
1363
136371
1368
1369
1371
137362
1374
137835
138162
138255
138311
138639
138715
139065
1394
1396
1397
139886
1400
140458
140576
140606
140680
140688
140706
140823
140886
140947
1410
1413
142678
142684
1428
143425
1435
143503
143570
1437
143872
1441
144165
144203
1444
144406
1445
144608
144809
145270
145407
145567
145741
146059
146177
146198
1462
1463
1464
146556
146691
146713
1468
146802
146857
147
147040
1471
147184
147872
147968
148014
148113
148170
1486
148930
1490
149465
149499
1495
149563
149603
149628
150159
150223
150356
150372
150483
150678
150946
1510
151258
151651
151827
151835
1522
152206
1524
152503
153090
1536
1537
154
154064
154141
154215
154313
154661
154790
154796
154810
154865
155038
155051
1551
1555
156
1573
1576
1577
157753
157855
158427
158471
158798
158931
159090
1593
159989
16
160
1603
160418
160428
160518
160777
1608
161
161003
1611
1613
161497
161502
161582
161725
162
162073
1622
162394
162461
162514
162681
1627
1628
163059
163154
163351
163786
1639
1641
1642
1645
1646
165186
1653
165904
166785
1674
168507
169611
169841
170463
170482
170954
170961
171024
1727
1736
1739
1740
1742
1743
1745
1746
1748
1749
175
1750
1756
1759
176
1760
1762
1767
1768
177
1778
1780
1783
1785
1793
1795
1804
1812
1821
1822
1826
1831
1832
1838
1842
1847
1848
1849
185
1850
1852
187
1879
1880
1889
19
1901
1902
1903
1906
1907
1909
1910
1911
1915
1917
192286
192668
192683
1938
1942
1947
1949
1952
1953
1958
196403
196463
196740
196883
1969
197259
1975
1979
1981
1984
199
1992
1996
1998
199857
20
2000
200008
200150
200162
2004
200403
200765
2009
2010
201181
201191
2014
2015
2016
201725
201931
2022
2023
2028
203
203068
203190
203197
203328
2035
2037
2040
2041
2047
204851
2050
2051
2059
2065
2078
2091
210
2113
2114
212
2123
2139
2149
2150
2151
2153
216
2162
217
2170
2171
2176
2186
2192
2194
219402
219654
219670
219699
219790
2199
219972
220004
220136
220323
2207
2209
220972
2210
221143
2212
221264
2213
221395
221472
221504
2222
222256
222484
222663
222865
223
2242
2246
2250
2252
2254
225689
226
2268
2271
2273
2275
22802
22806
2281
22820
22822
22827
22837
22839
22846
22858
22870
22875
22876
2288
22890
22891
22894
22895
22898
22901
22903
22904
22905
22907
22909
22918
22924
22925
22931
22933
22936
22937
2294
22941
22948
2295
22954
2296
22974
22976
22980
22983
22984
22994
22998
23
23002
23012
23014
23016
23017
2302
23020
23022
23025
23026
23029
2303
23031
23038
23046
23048
2305
23052
23053
23061
23066
2307
23070
23072
23075
23076
23086
23087
23093
23094
23096
23097
231
23102
23113
23114
23120
23125
23129
2313
23130
23136
2314
23143
23145
23149
23150
23152
23154
23155
2316
23162
23164
23166
2317
23170
23181
23187
23199
2321
23210
23212
23214
23217
2322
23221
23223
2323
23231
23233
23237
23239
2324
23241
23242
23243
23246
23250
23262
23264
23265
2327
23277
2328
23286
23288
23295
23302
23303
23308
23309
23321
23333
23334
23336
23341
23345
23348
2335
23352
23355
23362
23371
23373
23378
23395
23396
23400
23404
23410
23411
23416
23421
23428
23446
23456
23460
23474
23476
23479
23481
23493
23499
23507
23517
23521
23526
23527
23528
23533
23542
23549
2355
23554
23560
23562
23580
23587
23589
23600
23603
23612
23613
23616
23623
23625
23627
23632
23640
23644
23646
23654
23671
23683
23704
23759
23770
23787
238
241
24140
24144
24148
244
2444
2483
2487
249
2495
25
253152
253827
253832
2539
253980
253982
254122
254158
254173
254263
254427
254531
254773
254778
2548
2549
2551
255101
255104
255119
2554
255426
255783
255877
2559
256076
2561
256158
2562
2563
256329
256364
256380
256435
256472
2565
2567
256949
256987
2570
257144
257177
257236
257364
257407
25769
25771
25777
25780
25788
25789
25790
25791
25793
25796
25797
258010
25804
25809
25814
25824
25828
2583
25839
25841
25844
25849
25851
25876
25879
2588
25886
25896
25898
25902
25912
25915
259173
259230
25925
2593
25932
25937
25946
25950
25959
25960
25966
2597
25999
26
26000
26002
26003
26007
26012
26017
26022
26030
26032
26034
26035
26038
26045
26051
26052
26071
26090
26091
26092
26119
26133
26136
26155
26160
26166
2617
26173
26188
26207
26227
26228
26232
2624
26251
26262
2628
26284
26285
26289
2629
26297
2635
26355
2639
2641
26470
2648
26509
26517
26519
26521
26524
26574
26576
26578
26580
26589
2664
266743
2678
268
2687
2701
27010
27012
27018
2702
2705
27075
27077
27089
27092
27106
27123
27143
27147
27156
27158
27164
27166
27175
27199
272
2720
27243
27245
27249
27252
27286
27289
27291
27292
27295
27300
27314
27335
27339
27340
27341
27344
27351
27352
274
2766
2767
2768
2769
2770
2771
2775
2776
2781
2785
2788
2791
2793
2794
2806
2814
2815
2821
28232
2824
2826
2827
2828
282808
282890
282966
282973
282974
283
283130
283149
283152
283171
283229
283298
2833
283349
283385
283450
2835
283554
283638
283726
283871
283987
284
2840
284069
284184
284252
2843
284339
284361
2845
284615
284697
284948
285
285025
28511
28513
28514
285141
285193
2852
285203
285313
285527
285659
2857
285704
285800
286046
2861
286262
2865
286827
2869
287
2870
2873
2878
288
2888
2889
28954
28956
28959
28960
28964
28974
2898
28984
28987
28988
28989
2901
2902
2906
2907
29070
29086
29091
29100
29102
29105
2911
29114
29116
29118
2912
29125
29126
2915
2919
292
2920
2921
2922
2931
2934
2946
2948
2950
2962
2975
29760
29763
29766
29796
29800
29843
2987
29888
29889
29894
2990
29924
29925
29937
29940
29948
2995
29956
29960
29968
29979
29993
29994
29995
30000
30010
30011
30012
30061
3015
3017
3032
3039
3040
3043
3053
3054
3055
3059
306
3065
3067
3071
3074
3075
30812
30819
30820
30827
3084
30845
30846
30850
30851
309
3091
3094
3098
3101
3105
3107
3122
3135
3140
3142
3156
3161
3164
317649
317762
317772
317781
32
320
321
322
323
3241
3265
326625
3275
3276
327657
328
33
3300
3301
3305
3312
3316
3326
333
3339
3363
3364
3373
3376
3384
338596
338692
338773
339122
339287
339344
339398
3394
339451
339453
339559
3396
339665
3397
339778
339779
3399
340061
340351
340485
340543
340706
341392
341676
3420
3421
342184
3425
342538
342667
3428
342918
342945
343035
343521
3437
3443
344905
345557
345895
3459
346171
347
347273
347404
347475
347730
347731
347736
3480
3481
348110
348180
348262
348303
3487
348938
3490
3491
349149
349565
351
353
353322
353376
3552
3554
3556
3559
3561
3570
3572
3577
3579
358
3587
3590
3597
359845
359948
3603
3606
3614
3632
3633
3655
3656
3662
3663
3664
3679
3680
3684
3687
3689
3690
3691
3692
3699
3706
3708
3710
3717
3728
3736
3742
374291
374378
374407
374654
374882
374920
375033
375612
3757
375790
3764
3777
3785
3786
3787
3791
3801
3827
3831
3837
3843
3848
3866
386618
386676
387
387755
387836
387849
387923
388021
388125
388403
388564
388585
388588
388610
388630
388695
388701
389075
389119
389152
389161
389177
389337
389541
389799
389816
3899
389941
390
3902
390790
3908
391
3911
3912
3913
391356
3914
3915
3918
392
3921
3925
392617
3927
392862
3929
393
3930
3934
3936
3937
3939
3945
3950
3953
3954
3956
3957
396
3960
397
3972
3978
398
3980
3983
3992
399474
3996
399664
399665
399687
399693
399694
399909
399949
40
4000
4005
400566
4008
400916
401124
401145
4012
401236
4015
401548
401551
402
4023
4025
403
4034
4035
4038
4051
4052
4055
4056
4059
4061
4064
4065
4066
4067
4069
4071
407977
408050
4081
409
4091
4092
4099
4112
4118
412
4123
4126
4130
4131
4137
414062
414152
414189
415116
4155
4162
4171
4172
4173
4184
4191
4201
4209
4211
4212
4223
4232
4240
4242
4254
4256
4258
4259
4282
4283
4285
4291
4294
4299
43
4302
4311
4313
432
4324
4336
4340
4345
4351
439
440
440077
440087
440307
440400
440574
440829
440836
441024
441054
441518
443
4430
4440
445
445329
445372
4478
4520
4524
4586
4595
4602
4605
4615
4625
4627
4628
4629
4632
4635
4637
4638
4641
4642
4644
4650
4651
4661
4669
467
4674
468
4688
4689
4692
4693
4694
4695
4696
4698
4700
4701
4702
4704
4713
4714
4715
4716
4720
4722
4723
4726
4728
4731
4738
4741
474344
4744
4747
475
4759
476
4763
4778
478
4784
4793
4809
4815
4821
4825
483
4830
4832
4835
4839
4846
4851
4852
4854
4855
4860
4862
4864
4869
4880
4887
490
4907
4921
4923
4953
4967
4969
4974
498
4982
4988
50
5008
5010
5023
5030
5031
5036
5037
50486
50487
50488
50507
50512
5052
5054
5058
50614
50632
5064
50651
50808
50810
50813
50848
50855
50856
50861
50862
5090
5092
50944
5097
5098
51008
5101
51010
51013
51024
51027
51043
51046
51056
51068
51069
51070
51073
51077
51078
51079
51081
51090
51096
51106
51114
51117
51118
51119
51129
51131
51133
51135
51142
51143
51148
51154
51160
51162
51176
5118
51187
51194
51196
51201
51202
5121
51225
51228
51234
51256
51263
51264
51267
5127
51284
51286
5129
51294
51295
51296
513
51304
51308
51310
51315
51319
51326
51329
51343
51364
51365
51367
51368
51374
5138
51386
51388
5139
51393
51398
51399
514
51412
5142
51428
5143
51434
5147
51473
51474
51490
5150
5151
51517
51529
51548
5155
51552
51555
5156
51560
51564
5159
51594
51596
51599
51602
51604
5164
51647
51657
51666
51667
51669
5167
51673
5168
51693
51700
51705
51729
5175
51751
51776
5179
51807
5190
5195
5196
5199
5201
5205
5207
521
5211
5212
5213
5228
5230
5241
5243
5244
5253
5270
5272
5274
5277
5283
5287
529
5296
5297
5303
5305
5311
5315
5321
5322
5327
5328
5329
5332
5333
5334
53340
53349
5335
53353
53358
5336
53373
5339
53405
5341
5346
5352
5354
5357
5358
5360
5361
53616
53635
53637
5364
5365
5368
5372
5373
5375
538
53820
53827
53829
53831
53834
539
53916
53919
5393
5394
53947
54039
5406
54101
54106
54108
5413
5414
54149
541565
54206
54209
54221
5424
5426
5434
54344
54345
5435
5436
54360
5438
54407
5442
54440
54443
5445
54453
54460
54461
54463
54467
5447
54477
54482
54490
54491
54492
54496
54507
54510
54512
54518
5453
54538
54539
54543
54549
54552
54566
54587
54606
54625
5464
5465
5467
54680
5469
54700
54715
54733
54739
54751
54756
54757
54764
54768
54769
54776
54784
5480
54802
54808
54815
54825
54829
54842
54843
54847
54853
54855
548596
54861
54862
54863
54865
54873
54888
54894
54899
54920
5494
54941
54942
54947
54948
54958
54972
54976
54984
54996
54997
54998
550
55004
55016
55020
55030
55036
55039
55049
55052
55057
55062
55075
55076
55079
55081
55093
55107
55117
55118
55130
55131
55135
55137
55142
55153
55160
55168
55178
5518
55182
55194
5520
55201
55213
5522
55223
55234
5524
55243
55250
55259
5527
55272
55273
55282
55286
55287
552900
55299
55303
55311
553115
55315
55319
55323
55349
55353
55356
55362
5550
55505
5552
55521
55532
55540
55565
55567
5557
55577
5558
55582
55593
55601
55603
55605
55607
55609
55615
55619
55620
5564
55640
55643
55647
55651
55656
55658
55664
55668
5567
55679
55684
55690
55700
55701
55705
55715
55720
55722
55723
55733
55738
55739
55741
5575
55752
55756
55759
55763
55764
55766
55779
55793
55795
55799
558
5580
55803
55813
55815
55816
55823
55824
5583
55846
55847
55850
55852
55856
55861
55872
5588
5590
55905
55914
55959
55967
56006
56062
56144
5618
56180
56241
56246
56259
56262
5627
5629
5649
5654
5662
56624
56654
56659
56660
56666
5681
5688
5689
56895
56898
56899
56901
56904
5691
56915
5692
56920
56924
56925
56927
5693
56931
56938
5694
56944
56948
56949
5695
56950
56957
5696
56963
56964
56978
5699
56990
56995
56997
5700
57016
5702
5704
57048
5705
5708
57088
5709
57095
5710
57104
57105
57113
57124
57130
57139
57142
57144
57146
57153
57156
57165
57172
57175
57181
5719
57192
57194
57211
5724
5725
5731
57325
57326
57333
57338
57381
5739
5740
57407
57410
57412
57418
5743
5744
57449
57451
57453
57455
5747
57471
57475
57478
57493
575
57504
57509
57512
57519
57520
57521
57524
57529
57533
57544
57546
57552
57553
57556
57561
57568
57571
57572
57574
57577
57580
57583
57597
57605
57608
57609
57617
57619
57621
57631
57633
57636
57639
57645
57648
57661
57662
57679
57687
57692
57698
57699
57716
57730
57731
5777
57786
57799
57804
5783
5787
5789
5796
5798
58
5803
5806
58189
58190
58191
5832
5837
58473
58480
58485
58494
58512
58524
58538
586
5860
5862
5864
5867
5869
5875
5880
5891
58986
5899
590
5900
5906
5909
5910
59271
59272
59338
5934
59345
59352
5937
5939
5947
5959
597
5970
5973
598
5996
5998
5999
6001
6017
6035
60370
6038
604
6041
60484
60494
605
60528
60529
60681
6091
6093
6094
610
6125
6128
6129
613
6130
6132
613212
6135
6141
6152
6154
6165
6167
617
6175
6181
6182
6183
619279
6193
6194
6195
6196
6201
6202
6204
6208
6209
6217
6218
6222
6223
6227
6229
623
6230
6234
6236
6237
6242
6251
6252
6257
6271
6274
6279
6280
6282
6284
6285
6293
6301
6305
6324
6326
6346
6347
6348
6357
6359
6362
6368
6372
6374
6376
6387
63874
63891
63893
63895
6390
63928
63950
63971
63976
64005
6401
6404
6405
64078
64084
64092
64096
64098
64101
64115
64116
64122
64129
64130
64132
64135
641371
641372
6414
64145
641700
64216
64220
64236
642517
64283
643
643037
64321
64342
64374
64377
643866
643965
64399
64410
64411
6442
6446
6447
6448
644890
6449
644943
6451
6452
6453
645425
6457
645832
64598
6461
647310
64744
64757
64759
64763
64776
64777
64779
64787
6480
64805
64816
64834
64837
64840
64844
64852
64856
64857
64897
64926
64927
64928
6494
64943
64951
6496
6499
65018
6503
6505
65078
65083
6510
65110
65123
65125
6517
6518
652
6525
65263
653145
653268
6533
653361
653689
6538
6545
6546
6553
6556
6558
6560
6561
6573
6579
6581
6582
6585
6590
6595
6597
65975
6598
65988
66002
66004
6612
6616
6618
6620
6624
663
6633
6638
6641
6647
6649
665
6656
6657
666
6660
6663
667
6672
6678
668
6695
6709
6710
6711
6712
6715
6722
6723
6746
6750
6751
6752
6764
6774
6778
6799
6801
6804
6817
6818
682
6829
683
6830
6838
6839
6840
6855
6857
6860
6861
6863
6866
6878
6879
688
6880
6885
6886
6888
6890
6899
6900
6904
6909
6911
6913
6915
6916
6923
6926
6932
6938
6948
6953
6991
7004
7010
7011
7018
7020
7039
7041
7043
7045
7048
7049
705
7052
7060
7064
7067
7070
7075
7078
7079
7087
7094
7097
7099
710
7111
712
7122
7124
7126
7127
713
7130
7133
7134
7135
7138
714
7143
7145
7148
715
7153
7156
716
7161
7167
717
718
7186
7187
7188
719
72
7203
7248
7249
7266
7273
7274
7277
727800
727940
727957
728
7280
728113
7283
728378
7284
728404
728591
729092
729230
729359
729438
7296
7301
730112
7305
731
7316
7317
7321
7343
7345
7349
735
7368
7371
7376
738
7384
7389
7401
7408
7409
741
7412
7414
7428
7431
7434
7436
7448
745
7450
7453
7454
7455
7456
7458
7461
7473
7483
7498
7504
7508
7515
7517
752
7538
7545
7596
760
761
762
7629
768206
7709
7716
7726
774
7757
7763
7781
7784
7791
780
7802
7803
781
782
784
7846
785
7850
7852
7857
7879
78986
78997
78999
79001
79004
79006
79012
79026
7903
79031
79033
79039
79050
79065
79077
79083
79091
79095
790955
79137
79142
79148
79152
79155
79156
79158
7916
79180
79187
7920
793
7936
794
7940
7941
79414
79567
79570
79575
79582
79585
79586
79598
79605
79622
79625
79626
79628
79630
79631
79635
79640
79641
79644
79645
79652
79689
79697
79705
79707
79710
79711
79716
79729
79734
79735
79739
79742
79747
79762
79781
79784
79791
79792
7980
79807
79812
79817
79819
79831
7984
79845
79852
79863
79865
79867
79879
79885
79897
79899
79929
79968
79980
79990
79993
800
80005
80028
80122
80125
80135
80143
80149
80150
80162
80177
80178
80212
80213
80216
80217
80221
80235
80274
80279
80303
80306
80309
80347
80700
80725
80728
80760
80776
8078
80781
80789
8079
80816
8082
80824
80852
80864
8087
8092
80975
81
81027
81029
81030
81031
811
8120
814
81532
81551
81575
81605
81606
81610
81615
81621
81622
81628
81693
81788
81831
81857
8187
81872
81875
81876
8192
81926
8202
8204
8216
822
8224
8225
823
8237
824
825
826
8301
831
8313
832
8326
8341
83439
83442
83443
83450
83475
83482
83538
8354
83637
83641
83648
83657
83658
83659
83660
83666
83696
837
83700
83706
83714
83716
83719
83737
83741
83742
83746
83872
83875
83876
83878
83879
83894
83937
83938
83939
83987
84034
8404
84058
84062
8408
841
84107
84124
84135
84153
84168
8419
84190
84216
84217
84223
84229
84232
84239
8424
84247
8425
84258
84265
84266
84269
84271
84282
84288
84294
84299
84300
84303
84314
84315
84316
84337
84340
84343
8436
8437
84376
8444
84445
84446
84447
84448
84461
84466
84501
84502
84504
84545
8455
84557
8458
8459
8460
8462
84627
84628
84629
8463
84630
8464
84645
84674
84681
84687
84688
847
8470
84707
84717
84727
84733
84752
8476
8482
84838
84844
84864
84879
84890
84894
84895
84897
84898
8490
84913
84918
84930
84933
84934
84938
84940
84942
84952
84954
84959
84962
84964
84966
84975
84978
8498
84987
84992
84993
85007
8501
85012
8502
85027
8509
8514
8519
8525
8526
8528
85301
8531
8534
85352
85358
8536
85360
85363
85369
8537
85377
85407
85409
8541
85441
85442
85445
85449
85450
85457
85458
85459
85462
85464
85478
85480
85508
8565
8567
8568
857
8574
8577
8578
85865
8602
8612
8622
863
8639
8644
8654
8660
8664
8665
8668
8676
8682
8714
8721
8728
8729
8732
8736
8737
8741
8742
8745
8749
8754
8763
8773
8775
8785
88
8802
8815
8826
8829
8831
8842
88455
885
8850
8851
8869
887
8870
8871
88745
8878
8888
8890
8891
8892
8898
8907
8910
8911
8912
892
8932
8936
8941
8943
896
8970
89765
89796
89846
8985
89853
89857
8987
89876
89884
89887
89891
89927
8993
8994
8995
8997
8999
9
90007
9001
90121
90135
90161
9019
90249
9026
9028
90288
90313
90317
9033
9034
9037
9045
90459
9050
90506
90522
9053
90637
90701
9073
90865
9088
9091
90952
9096
91010
91057
911
91107
9114
9118
91181
9122
9127
91289
9136
9138
9146
91461
9148
9152
91526
91607
91608
91689
91694
9170
91703
91754
9180
91833
91860
91978
9212
92211
92241
92335
92340
92345
9238
92399
9240
92521
9253
92565
9260
92609
9267
92675
92689
92737
9275
9277
92799
92822
9283
92840
92856
9287
929
9294
92949
9296
93010
9308
93099
93107
9314
93145
9318
93185
93377
93436
9351
9353
9358
9360
9361
9362
9363
93643
9365
9367
9368
9376
9377
9380
93974
94
94005
94015
94031
94097
941
9411
94122
9413
942
9423
94233
94235
94274
9429
9435
9450
9452
9457
9469
947
9478
9479
9480
9481
9488
9489
949
9498
9500
9501
9507
951
9513
9514
9516
952
9524
953
9536
9551
9555
9556
9563
9572
9576
9578
958
9580
9582
9585
9586
9590
9592
9595
960
9603
9604
9607
9609
9610
9612
9618
9619
9625
963
9632
9637
9638
9639
9645
96459
9649
9650
9651
9659
966
967
9670
9674
9679
9689
9693
9697
9705
9710
9715
9717
9719
972
9724
9725
9728
9737
9738
9745
9746
9748
9751
9754
9759
976
977
9770
9771
9772
9775
9779
9785
9790
9796
9804
9806
9813
9820
9826
9828
9829
983
9830
9839
9842
9844
9853
9883
9885
989
9890
9899
9900
9905
9909
9911
9922
9926
9936
9938
9942
9957
9966
998
9980
9982
9985
9991
